27,2,30,2,30,7,27,7,夫
27,7,32,7,32,11,27,11,继
28,12,31,12,31,19,28,19,声
27,20,32,20,32,24,27,24,竞
29,25,32,25,32,31,29,31,赏
28,31,32,31,32,37,28,37,豪
29,37,32,37,32,41,29,41,末
29,41,31,41,31,43,29,43,之
28,43,32,43,32,46,28,46,奇
22,2,25,2,25,8,22,8,罕
22,9,26,9,26,13,22,13,议
22,15,26,15,26,20,22,20,峰
22,21,27,21,27,26,22,26,端
22,26,25,26,25,31,22,31,之
22,32,25,32,25,36,22,36,失
23,37,26,37,26,42,23,42,犹
24,42,27,42,27,47,24,47,惠
18,7,20,7,20,10,18,10,之
16,11,21,11,21,15,16,15,好
17,16,21,16,21,20,17,20,伪
16,21,22,21,22,25,16,25,似
17,25,21,25,21,32,17,32,叶
18,32,20,32,20,35,18,35,公
18,36,21,36,21,40,18,40,之
18,41,22,41,22,44,18,44,惧
19,44,22,44,22,47,19,47,真
12,3,16,3,16,7,12,7,是
13,8,16,8,16,13,13,13,知
12,14,16,14,16,17,12,17,伯
13,18,16,18,16,21,13,21,子
13,22,16,22,16,26,13,26,之
13,27,16,27,16,31,13,31,息
13,32,17,32,17,35,13,35,流
13,36,17,36,17,40,13,40,波
14,40,17,40,17,45,14,45,盖
15,44,17,44,17,47,15,47,有
8,3,11,3,11,5,8,5,由
8,6,11,6,11,10,8,10,矣
8,12,11,12,11,15,8,15,夫
8,15,11,15,11,21,8,21,蔡
8,21,11,21,11,27,8,27,邕
7,28,11,28,11,31,7,31,不
8,32,12,32,12,36,8,36,谬
9,37,12,37,12,42,9,42,赏
8,43,14,43,14,47,8,47,孙
3,1,7,1,7,6,3,6,阳
3,6,7,6,7,10,3,10,不
3,11,7,11,7,18,3,18,妄
2,18,7,18,7,24,2,24,顾
2,24,7,24,7,28,2,28,者
3,29,7,29,7,31,3,31,以
4,32,6,32,6,38,4,38,其
6,38,8,38,8,40,6,40,玄
6,40,8,40,8,43,6,43,鉴
3,38,6,38,6,43,3,43,精
4,44,8,44,8,47,4,47,通
22,21,27,21,27,31,22,31,连笔
18,41,22,41,22,47,18,47,连笔
14,40,17,40,17,48,14,48,连笔
2,1,7,1,7,10,2,10,连笔
2,11,8,11,8,28,2,28,连笔
3,38,8,38,8,47,3,47,连笔
