18,3,20,3,20,6,18,6,生
18,6,20,6,20,8,18,8,志
18,8,20,8,20,11,18,11,冠
18,11,20,11,20,14,18,14,盖
17,14,20,14,20,17,17,17,满
18,17,20,17,20,19,18,19,京
17,19,20,19,20,24,17,24,华
17,24,20,24,20,26,17,26,斯
18,26,20,26,20,29,18,29,人
15,3,17,3,17,6,15,6,独
15,6,17,6,17,9,15,9,憔
14,9,17,9,17,12,14,12,悴
15,12,17,12,17,15,15,15,孰
15,15,17,15,17,17,15,17,云
14,17,17,17,17,19,14,19,网
15,20,17,20,17,22,15,22,恢
14,22,17,22,17,25,14,25,恢
15,25,17,25,17,27,15,27,将
15,27,17,27,17,29,15,29,老
12,3,14,3,14,6,12,6,身
12,6,14,6,14,8,12,8,反
12,8,14,8,14,11,12,11,累
12,11,14,11,14,14,12,14,千
12,14,14,14,14,17,12,17,秋
12,17,14,17,14,22,12,22,万
12,22,14,22,14,25,12,25,岁
12,25,14,25,14,29,12,29,名
9,3,12,3,12,6,9,6,寂
10,6,12,6,12,9,10,9,寞
10,9,11,9,11,12,10,12,身
9,12,12,12,12,15,9,15,后
10,15,11,15,11,18,10,18,事
15,25,17,25,17,29,15,29,连笔
