27,2,31,2,31,6,27,6,毅
27,7,32,7,32,11,27,11,论
28,12,31,12,31,17,28,17,黄
28,17,32,17,32,23,28,23,庭
27,24,31,24,31,28,27,28,经
28,29,32,29,32,33,28,33,东
28,33,32,33,32,38,28,38,方
28,39,32,39,32,43,28,43,朔
28,43,32,43,32,48,28,48,画
22,1,26,1,26,6,22,6,赞
22,7,27,7,27,11,22,11,太
23,12,27,12,27,16,23,16,师
23,17,27,17,27,24,23,24,箴
23,25,27,25,27,32,23,32,兰
23,32,27,32,27,39,23,39,亭
23,39,26,39,26,43,23,43,集
24,44,26,44,26,48,24,48,序
17,1,21,1,21,6,17,6,告
17,7,21,7,21,12,17,12,誓
17,13,22,13,22,18,17,18,文
18,18,22,18,22,24,18,24,学
21,23,23,23,23,27,21,27,斯
19,25,21,25,21,30,19,30,并
18,31,22,31,22,35,18,35,代
18,36,22,36,22,41,18,41,俗
18,42,22,42,22,44,18,44,所
18,45,22,45,22,47,18,47,传
13,1,16,1,16,6,13,6,真
13,6,16,6,16,12,13,12,行
12,13,16,13,16,17,12,17,绝
13,18,16,18,16,23,13,23,致
13,23,17,23,17,29,13,29,者
12,29,17,29,17,32,12,32,也
12,34,17,34,17,40,12,40,写
13,41,17,41,17,44,13,44,乐
13,44,17,44,17,47,13,47,毅
8,1,12,1,12,6,8,6,则
8,6,12,6,12,11,8,11,情
9,12,12,12,12,16,9,16,多
8,17,12,17,12,23,8,23,怫
8,24,12,24,12,30,8,30,郁
8,31,12,31,12,34,8,34,书
8,35,12,35,12,39,8,39,画
8,40,12,40,12,44,8,44,赞
9,44,12,44,12,47,9,47,则
4,0,7,0,7,6,4,6,意
4,7,7,7,7,12,4,12,涉
3,13,7,13,7,18,3,18,瑰
3,18,7,18,7,23,3,23,奇
3,24,7,24,7,29,3,29,黄
3,29,7,29,7,35,3,35,庭
3,35,7,35,7,38,3,38,经
3,39,7,39,7,43,3,43,则
3,43,7,43,7,47,3,47,怡
13,1,17,1,17,12,13,12,连笔
12,23,17,23,17,33,12,33,连笔
3,29,7,29,7,38,3,38,连笔
18,25,22,25,22,35,18,35,连笔
