15,3,17,3,17,5,15,5,三
15,5,16,5,16,8,15,8,月
15,8,16,8,16,9,15,9,三
15,9,16,9,16,11,15,11,日
15,11,17,11,17,14,15,14,天
15,14,17,14,17,17,15,17,气
15,17,17,17,17,20,15,20,新
15,21,16,21,16,23,15,23,长
15,23,17,23,17,26,15,26,安
15,26,17,26,17,29,15,29,水
12,2,15,2,15,5,12,5,边
13,5,14,5,14,9,13,9,多
12,9,14,9,14,13,12,13,丽
12,13,15,13,15,15,12,15,人
12,16,14,16,14,18,12,18,态
12,18,14,18,14,21,12,21,浓
12,21,14,21,14,23,12,23,意
12,23,14,23,14,26,12,26,远
12,26,14,26,14,30,12,30,淑
9,2,11,2,11,6,9,6,且
10,6,12,6,12,9,10,9,真
9,9,12,9,12,12,9,12,肌
9,12,12,12,12,14,9,14,理
10,14,12,14,12,16,10,16,细
9,17,12,17,12,19,9,19,腻
10,20,11,20,11,23,10,23,骨
9,23,11,23,11,25,9,25,肉
10,25,11,25,11,28,10,28,匀
6,2,9,2,9,5,6,5,绣
7,6,9,6,9,8,7,8,罗
7,8,9,8,9,11,7,11,衣
7,11,9,11,9,14,7,14,裳
7,14,9,14,9,16,7,16,照
7,16,9,16,9,19,7,19,暮
7,19,9,19,9,22,7,22,春
7,23,9,23,9,27,7,27,蹙
7,27,9,27,9,30,7,30,金
3,3,6,3,6,5,3,5,孔
3,5,6,5,6,9,3,9,雀
3,10,6,10,6,12,3,12,银
3,13,6,13,6,15,3,15,麒
3,16,6,16,6,20,3,20,麟
4,20,5,20,5,22,4,22,头
4,22,5,22,5,24,4,24,上
3,24,6,24,6,26,3,26,何
3,26,5,26,5,28,3,28,所
4,28,5,28,5,30,4,30,有
15,3,17,3,17,8,15,8,三月
15,8,17,8,17,11,15,11,三日
15,11,17,11,17,20,15,20,天气新
15,21,17,21,17,29,15,29,长安水
12,3,14,3,14,13,12,13,边多丽
12,21,14,21,14,26,12,26,意远
10,3,12,3,12,9,10,9,且真
9,9,12,9,12,16,9,16,肌理细
7,6,9,6,9,11,7,11,罗衣
7,16,9,16,9,22,7,22,暮春
3,20,5,20,5,26,3,26,头上何
