17,2,19,2,19,5,17,5,桂
17,5,20,5,20,8,17,8,冠
17,8,19,8,19,11,17,11,弃
17,11,19,11,19,14,17,14,官
17,14,20,14,20,17,17,17,偷
18,18,19,18,19,20,18,20,走
18,20,19,20,19,21,18,21,下
17,22,20,22,20,24,17,24,连
18,24,19,24,19,27,18,27,云
17,27,20,27,20,29,17,29,栈
14,2,16,2,16,5,14,5,湖
14,5,16,5,16,7,14,7,山
14,7,16,7,16,9,14,9,佳
14,10,16,10,16,13,14,13,处
14,13,17,13,17,16,14,16,屋
15,16,17,16,17,18,15,18,两
15,19,17,19,17,21,15,21,间
15,22,17,22,17,24,15,24,掩
14,25,17,25,17,27,14,27,映
14,27,17,27,17,30,14,30,垂
11,2,13,2,13,4,11,4,杨
11,5,13,5,13,7,11,7,岸
11,8,13,8,13,10,11,10,满
11,10,14,10,14,12,11,12,地
12,13,13,13,13,14,12,14,白
12,15,13,15,13,16,12,16,云
11,17,13,17,13,19,11,19,东
11,19,14,19,14,21,11,21,风
12,22,14,22,14,24,12,24,吹
12,24,14,24,14,27,12,27,散
12,27,14,27,14,30,12,30,却
8,2,10,2,10,5,8,5,遮
8,5,10,5,10,7,8,7,了
9,8,10,8,10,9,9,9,一
9,9,10,9,10,11,9,11,半
8,12,10,12,10,13,8,13,山
8,14,10,14,10,17,8,17,严
9,18,10,18,10,19,9,19,子
8,20,11,20,11,22,8,22,陵
8,23,11,23,11,25,8,25,钓
8,26,11,26,11,29,8,29,滩
5,2,7,2,7,8,5,8,韩
5,8,7,8,7,10,5,10,元
5,10,7,10,7,12,5,12,帅
5,13,7,13,7,15,5,15,将
5,16,8,16,8,18,5,18,坛
5,19,8,19,8,21,5,21,那
5,21,7,21,7,23,5,23,一
5,23,8,23,8,26,5,26,个
5,26,7,26,7,29,5,29,无
2,2,4,2,4,5,2,5,忧
2,6,4,6,4,8,2,8,虑
2,9,4,9,4,11,2,11,张
2,11,4,11,4,13,2,13,养
2,13,4,13,4,15,2,15,浩
3,15,4,15,4,17,3,17,中
3,17,4,17,4,19,3,19,吕
2,19,4,19,4,21,2,21,朝
3,22,4,22,4,23,3,23,天
3,23,4,23,4,24,3,24,子
2,25,4,25,4,26,2,26,隐
3,27,4,27,4,28,3,28,退
