14,2,17,2,17,5,14,5,麒
14,5,17,5,17,9,14,9,麟
14,9,17,9,17,11,14,11,翳
14,11,17,11,17,14,14,14,凤
14,14,17,14,17,17,14,17,凰
15,17,16,17,16,19,15,19,芙
14,19,17,19,17,22,14,22,蓉
14,22,17,22,17,25,14,25,旌
14,25,17,25,17,27,14,27,旗
14,28,17,28,17,30,14,30,烟
11,2,13,2,13,7,11,7,雾
11,7,13,7,13,10,11,10,落
11,11,13,11,13,13,11,13,影
11,13,13,13,13,16,11,16,动
11,16,13,16,13,18,11,18,倒
12,18,13,18,13,21,12,21,景
11,21,14,21,14,24,11,24,摇
11,24,13,24,13,27,11,27,潇
11,27,13,27,13,29,11,29,湘
8,2,11,2,11,5,8,5,星
9,5,10,5,10,7,9,7,空
9,7,10,7,10,9,9,9,之
9,10,11,10,11,12,9,12,君
8,12,11,12,11,14,8,14,醉
9,14,11,14,11,16,9,16,琼
9,17,11,17,11,19,9,19,浆
8,20,11,20,11,21,8,21,羽
8,21,11,21,11,23,8,23,人
8,23,11,23,11,26,8,26,稀
8,26,10,26,10,30,8,30,少
6,2,8,2,8,4,6,4,不
6,4,8,4,8,6,6,6,在
6,6,8,6,8,10,6,10,旁
6,10,8,10,8,12,6,12,仪
6,12,8,12,8,14,6,14,闻
6,14,8,14,8,16,6,16,昨
6,16,8,16,8,18,6,18,者
6,19,8,19,8,21,6,21,赤
6,21,8,21,8,23,6,23,松
6,23,8,23,8,25,6,25,子
6,25,8,25,8,27,6,27,恐
6,27,8,27,8,30,6,30,是
3,2,5,2,5,5,3,5,汉
3,5,6,5,6,7,3,7,代
3,8,5,8,5,11,3,11,韩
3,11,5,11,5,13,3,13,张
4,13,5,13,5,16,4,16,良
3,16,5,16,5,18,3,18,昔
3,19,6,19,6,21,3,21,随
3,22,5,22,5,24,3,24,刘
3,24,5,24,5,26,3,26,氏
3,26,5,26,5,29,3,29,定
9,2,11,2,11,7,9,7,星宫
8,20,11,20,11,23,8,23,羽人
6,21,8,21,8,25,6,25,松子
3,2,5,2,5,7,3,7,汉代
3,16,6,16,6,21,3,21,昔随
