25,1,29,1,29,5,25,5,路
25,6,29,6,29,9,25,9,虽
25,10,29,10,29,14,25,14,妍
25,15,30,15,30,19,25,19,媚
26,20,28,20,28,24,26,24,云
25,24,29,24,29,29,25,29,阙
25,30,29,30,29,34,25,34,而
24,35,29,35,29,38,24,38,体
26,39,28,39,28,43,26,43,质
25,43,28,43,28,47,25,47,存
21,1,24,1,24,6,21,6,焉
21,8,24,8,24,12,21,12,若
21,13,24,13,24,19,21,19,遒
20,19,25,19,25,23,20,23,丽
21,24,24,24,24,29,21,29,居
21,29,24,29,24,33,21,33,优
21,34,24,34,24,39,21,39,骨
21,40,24,40,24,45,21,45,气
22,45,24,45,24,47,22,47,将
17,1,20,1,20,6,17,6,劣
16,6,20,6,20,11,16,11,譬
17,12,19,12,19,15,17,15,夫
17,16,20,16,20,20,17,20,芳
16,21,20,21,20,25,16,25,林
16,26,20,26,20,32,16,32,落
17,32,20,32,20,39,17,39,蕊
17,39,20,39,20,43,17,43,空
17,44,20,44,20,47,17,47,照
12,1,16,1,16,5,12,5,灼
12,5,16,5,16,9,12,9,而
12,9,16,9,16,14,12,14,无
12,14,16,14,16,17,12,17,依
13,19,16,19,16,24,13,24,兰
12,25,16,25,16,29,12,29,沼
12,30,16,30,16,34,12,34,漂
12,35,16,35,16,40,12,40,萍
13,41,16,41,16,44,13,44,徒
13,44,15,44,15,47,13,47,青
8,1,12,1,12,6,8,6,翠
9,6,12,6,12,9,9,9,而
9,10,11,10,11,15,9,15,奚
8,15,12,15,12,18,8,18,托
8,19,12,19,12,24,8,24,是
9,25,11,25,11,29,9,29,知
8,29,12,29,12,33,8,33,偏
9,34,11,34,11,37,9,37,工
9,38,11,38,11,42,9,42,易
8,42,12,42,12,46,8,46,就
4,1,8,1,8,6,4,6,尽
5,7,8,7,8,13,5,13,善
4,14,7,14,7,19,4,19,难
5,20,7,20,7,25,5,25,求
4,26,7,26,7,29,4,29,虽
4,30,7,30,7,35,4,35,学
4,35,8,35,8,40,4,40,宗
4,41,7,41,7,43,4,43,一
4,43,7,43,7,47,4,47,家
1,1,4,1,4,4,1,4,而
1,5,4,5,4,9,1,9,变
2,10,4,10,4,14,2,14,成
1,14,3,14,3,19,1,19,多
1,19,4,19,4,22,1,22,体
1,24,4,24,4,28,1,28,莫
0,29,4,29,4,31,0,31,不
1,32,4,32,4,35,1,35,随
1,36,3,36,3,40,1,40,其
1,40,3,40,3,43,1,43,性
1,43,3,43,3,47,1,47,欲
21,40,24,40,24,48,21,48,气将
