148,29,168,29,168,58,148,58,张
155,57,167,57,167,77,155,77,生
153,78,169,78,169,107,153,107,手
149,108,170,108,170,132,149,132,持
149,134,168,134,168,159,149,159,石
148,56,171,56,171,159,148,159,连笔
145,162,168,162,168,187,145,187,鼓
151,188,165,188,165,203,151,203,文
142,204,168,204,168,236,142,236,劝
145,239,165,239,165,261,145,261,我
146,262,168,262,168,281,146,281,试
141,282,168,282,168,298,141,298,作
123,31,139,31,139,51,123,51,石
122,52,144,52,144,79,122,79,鼓
118,81,143,81,143,116,118,116,歌
118,29,145,29,145,116,118,116,连笔
121,117,142,117,142,145,121,145,少
117,145,142,145,142,178,117,178,凌
118,179,139,179,139,207,118,207,无
116,209,139,209,139,231,116,231,人
115,144,141,144,141,232,115,232,连笔
116,233,138,233,138,266,116,266,谪
110,268,138,268,138,294,110,294,仙
110,232,140,232,140,296,110,296,连笔
94,28,116,28,116,56,94,56,死
98,57,113,57,113,81,98,81,才
93,83,115,83,115,117,93,117,薄
90,119,118,119,118,141,90,141,将
92,142,112,142,112,172,92,172,奈
90,82,117,82,117,173,90,173,连笔
90,174,110,174,110,195,90,195,石
86,198,109,198,109,224,86,224,鼓
82,225,109,225,109,270,82,270,何
81,197,111,197,111,271,81,271,连笔
88,269,107,269,107,296,88,296,周
63,28,92,28,92,56,63,56,纲
65,57,85,57,85,82,65,82,凌
63,85,89,85,89,114,63,114,迟
61,117,86,117,86,137,61,137,四
62,138,85,138,85,160,62,160,海
59,162,89,162,89,193,59,193,佛
58,138,90,138,90,195,58,195,连笔
61,224,78,224,78,248,61,248,宣
61,249,78,249,78,264,61,264,王
56,266,79,266,79,295,56,295,愤
54,249,81,249,81,296,54,296,连笔
33,26,59,26,59,48,33,48,起
32,49,57,49,57,81,32,81,挥
36,84,54,84,54,103,36,103,天
32,104,59,104,59,128,32,128,戈
32,83,59,83,59,129,32,129,连笔
31,131,53,131,53,152,31,152,大
32,154,52,154,52,177,32,177,开
32,179,53,179,53,202,32,202,明
32,203,50,203,50,227,32,227,堂
31,228,49,228,49,249,31,249,受
26,251,51,251,51,270,26,270,朝
25,202,52,202,52,271,25,271,连笔
26,272,51,272,51,298,26,298,贺
