173,24,202,24,202,55,173,55,独
181,56,197,56,197,77,181,77,有
180,79,197,79,197,109,180,109,宦
179,110,198,110,198,131,179,131,游
174,132,203,132,203,165,174,165,人
171,23,205,23,205,166,171,166,连笔
176,168,201,168,201,194,176,194,偏
178,195,195,195,195,223,178,223,惊
177,224,199,224,199,243,177,243,物
176,245,195,245,195,267,176,267,候
175,268,198,268,198,300,175,300,新
145,22,166,22,166,56,145,56,云
147,58,168,58,168,96,147,96,霞
152,98,170,98,170,118,152,118,出
145,21,171,21,171,119,145,119,连笔
150,120,169,120,169,145,150,145,海
147,148,170,148,170,175,147,175,曙
146,176,167,176,167,200,146,200,梅
146,202,168,202,168,243,146,243,柳
144,176,170,176,170,244,144,244,连笔
148,246,168,246,168,267,148,267,渡
148,269,167,269,167,287,148,287,江
146,245,169,245,169,289,146,289,连笔
128,22,142,22,142,54,128,54,春
121,57,144,57,144,86,121,86,淑
127,87,142,87,142,119,127,119,气
121,122,142,122,142,150,121,150,催
127,151,140,151,140,173,127,173,黄
120,121,142,121,142,174,120,174,连笔
125,175,141,175,141,205,125,205,鸟
121,210,140,210,140,237,121,237,晴
126,239,141,239,141,255,126,255,光
119,209,142,209,142,256,119,256,连笔
121,258,143,258,143,286,121,286,转
95,28,118,28,118,49,95,49,绿
96,51,117,51,117,88,96,88,苹
101,92,116,92,116,118,101,118,忽
96,122,117,122,117,152,96,152,闻
96,154,117,154,117,182,96,182,歌
104,184,114,184,114,196,104,196,古
97,199,118,199,118,223,97,223,调
97,224,116,224,116,245,97,245,归
99,246,113,246,113,267,99,267,思
95,223,116,223,116,268,95,268,连笔
95,269,117,269,117,290,95,290,欲
68,28,88,28,88,55,68,55,沾
69,56,88,56,88,94,69,94,巾
73,98,85,98,85,109,73,109,杜
74,110,84,110,84,120,74,120,审
75,122,83,122,83,132,75,132,言
74,145,83,145,83,153,74,153,和
76,154,83,154,83,163,76,163,晋
74,164,83,164,83,176,74,176,陵
74,176,84,176,84,186,74,186,陆
77,187,83,187,83,196,77,196,丞
77,197,82,197,82,206,77,206,早
76,207,84,207,84,220,76,220,春
75,221,83,221,83,231,75,231,游
74,232,83,232,83,242,74,242,望
