178,26,200,26,200,58,178,58,昔
184,59,198,59,198,85,184,85,有
178,24,202,24,202,86,178,86,连笔
180,87,201,87,201,111,180,111,佳
179,113,205,113,205,136,179,136,人
178,86,207,86,207,137,178,137,连笔
186,138,200,138,200,154,186,154,公
180,157,207,157,207,176,180,176,孙
187,177,206,177,206,194,187,194,氏
186,200,204,200,204,207,186,207,一
185,209,203,209,203,244,185,244,舞
181,246,202,246,202,266,181,266,剑
186,267,202,267,202,288,186,288,器
180,246,204,246,204,289,180,289,连笔
156,27,176,27,176,61,156,61,动
158,63,173,63,173,80,158,80,四
158,81,173,81,173,100,158,100,方
152,104,176,104,176,130,152,130,观
160,132,173,132,173,155,160,155,者
155,159,175,159,175,180,155,180,如
160,181,178,181,178,195,160,195,山
161,196,175,196,175,222,161,222,色
158,224,175,224,175,243,158,243,沮
158,245,173,245,173,270,158,270,丧
156,272,177,272,177,297,156,297,天
123,29,149,29,149,50,123,50,地
133,50,146,50,146,66,133,66,为
133,67,147,67,147,86,133,86,之
132,49,148,49,148,86,132,86,连笔
131,89,147,89,147,112,131,112,久
126,114,149,114,149,134,126,134,低
132,137,147,137,147,181,132,181,昂
128,184,150,184,150,212,128,212,㸌
132,214,149,214,149,229,132,229,如
126,183,151,183,151,229,126,229,连笔
129,230,148,230,148,264,129,264,羿
130,265,150,265,150,288,130,288,射
99,30,117,30,117,47,99,47,九
105,48,117,48,117,63,105,63,日
102,66,121,66,121,104,102,104,落
98,29,123,29,123,106,98,106,连笔
101,107,123,107,123,128,101,128,矫
104,130,122,130,122,145,104,145,如
100,107,124,107,124,146,100,146,连笔
104,148,121,148,121,178,104,178,群
102,179,123,179,123,229,102,229,帝
101,231,123,231,123,254,101,254,骖
103,256,124,256,124,277,103,277,龙
100,278,124,278,124,301,100,301,翔
75,28,94,28,94,59,75,59,来
75,61,93,61,93,74,75,74,如
75,76,92,76,92,104,75,104,雷
75,106,93,106,93,134,75,134,霆
72,139,97,139,97,157,72,157,收
74,159,95,159,95,197,74,197,震
74,199,95,199,95,217,74,217,怒
74,219,93,219,93,242,74,242,罢
72,245,92,245,92,261,72,261,如
75,263,92,263,92,279,75,279,江
72,280,95,280,95,305,72,305,海
72,263,96,263,96,306,72,306,连笔
