180,30,202,30,202,54,180,54,凡
182,56,200,56,200,79,182,79,马
180,81,199,81,199,103,180,103,空
179,55,202,55,202,105,179,105,连笔
183,105,199,105,199,124,183,124,玉
176,125,204,125,204,149,176,149,花
175,105,205,105,205,150,175,150,连笔
177,150,200,150,200,169,177,169,却
184,171,197,171,197,195,184,195,在
180,197,200,197,200,215,180,215,御
178,170,202,170,202,216,178,216,连笔
179,217,200,217,200,240,179,240,榻 
185,242,198,242,198,254,185,254,上
179,256,202,256,202,275,179,275,御
185,277,198,277,198,292,185,292,上
154,28,173,28,173,56,154,56,庭
158,57,173,57,173,82,158,82,前
153,84,178,84,178,101,153,101,屹
155,103,172,103,172,120,155,120,相
155,122,174,122,174,137,155,137,向
152,101,176,101,176,139,152,139,连笔
156,140,174,140,174,162,156,162,至
158,164,174,164,174,190,158,190,尊
158,191,172,191,172,218,158,218,含
153,219,175,219,175,243,153,243,笑
151,243,172,243,172,268,151,268,催
152,271,175,271,175,287,152,287,赐
154,288,173,288,173,307,154,307,金
123,30,145,30,145,56,123,56,圉
124,57,146,57,146,72,124,72,人
129,73,142,73,142,91,129,91,太
122,92,145,92,145,117,122,117,仆
128,120,142,120,142,136,128,136,皆
121,139,146,139,146,164,121,164,惆
124,162,143,162,143,182,124,182,怅
129,183,143,183,143,205,129,205,第
127,207,141,207,141,223,127,223,子
124,225,148,225,148,254,124,254,韩
125,255,145,255,145,280,125,280,干
129,281,142,281,142,303,129,303,早
96,34,115,34,115,49,96,49,入
99,49,118,49,118,77,99,77,室
101,80,117,80,117,94,101,94,亦
96,97,116,97,116,115,96,115,能
96,117,113,117,113,144,96,144,画
99,149,115,149,115,171,99,171,马
95,116,117,116,117,172,95,172,连笔
96,176,116,176,116,201,96,201,穷
99,203,118,203,118,225,99,225,殊
96,227,117,227,117,248,96,248,相
95,251,116,251,116,275,95,275,干
95,277,116,277,116,298,95,298,惟
71,30,89,30,89,58,71,58,画
73,60,89,60,89,82,73,82,肉
71,83,90,83,90,99,71,99,不
72,102,87,102,87,125,72,125,画
71,127,88,127,88,157,71,157,骨
71,159,91,159,91,177,71,177,忍
69,179,92,179,92,203,69,203,使
68,204,90,204,90,231,68,231,骅
68,235,87,235,87,255,68,255,骝
70,256,85,256,85,278,70,278,你
66,279,87,279,87,304,66,304,凋
