184,33,200,33,200,65,184,65,吾
183,66,202,66,202,97,183,97,爱
187,99,203,99,203,127,187,127,孟
187,129,201,129,201,150,187,150,夫
189,152,201,152,201,170,189,170,子
185,128,202,128,202,170,185,170,连笔
182,174,207,174,207,204,182,204,风
182,206,205,206,205,229,182,229,流
186,231,202,231,202,253,186,253,天
185,254,201,254,201,266,185,266,连笔
181,205,208,205,208,254,181,254,下
179,270,204,270,204,296,179,296,闻
154,35,176,35,176,56,154,56,红
152,58,177,58,177,88,152,88,颜
159,90,174,90,174,117,159,117,弃
153,120,176,120,176,144,153,144,轩
157,147,180,147,180,177,157,177,冤
153,181,174,181,174,205,153,205,白
158,206,170,206,170,228,158,228,首
152,231,174,231,174,252,152,252,卧
148,254,173,254,173,273,148,273,松
152,274,174,274,174,299,152,299,云
148,253,176,253,176,301,148,301,连笔
120,29,152,29,152,58,120,58,醉
131,60,142,60,142,82,131,82,月
124,87,146,87,146,113,124,113,频
127,115,144,115,144,146,127,146,中
122,85,147,85,147,147,122,147,连笔
125,148,143,148,143,173,125,173,圣
128,177,143,177,143,201,128,201,迷
124,203,148,203,148,227,124,227,花
126,229,145,229,145,245,126,245,不
127,248,143,248,143,266,127,266,事
126,268,144,268,144,293,126,293,君
125,247,145,247,145,294,125,294,连笔
98,30,116,30,116,60,98,60,高
95,64,117,64,117,78,95,78,山
98,79,119,79,119,112,98,112,安
100,113,115,113,115,138,100,138,可
94,141,118,141,118,198,94,198,迎
97,200,118,200,118,221,97,221,徒
97,222,117,222,117,243,97,243,此
95,245,115,245,115,293,95,293,辑
67,31,89,31,89,64,67,64,清
68,66,91,66,91,105,68,105,芬
74,108,84,108,84,124,74,124,李
74,125,84,125,84,133,74,133,白
73,148,86,148,86,163,73,163,赠
72,165,83,165,83,181,72,181,孟
73,182,84,182,84,195,73,195,浩
73,196,85,196,85,211,73,211,然
