147,25,168,25,168,52,147,52,洒
149,53,166,53,166,72,149,72,长
143,73,170,73,170,108,143,108,风
147,109,165,109,165,126,147,126,吹
146,129,164,129,164,146,146,146,林
145,109,166,109,166,148,145,148,连笔
145,149,164,149,164,167,145,167,雨
145,169,164,169,164,202,145,202,堕
147,203,166,203,166,221,147,221,瓦
145,223,168,223,168,246,145,246,迸
148,248,164,248,164,276,148,276,泉
143,222,169,222,169,277,143,277,连笔
140,280,170,280,170,307,140,307,飒
118,26,145,26,145,76,118,76,飒
118,78,141,78,141,114,118,114,飞
119,116,136,116,136,131,119,131,木
118,134,139,134,139,154,118,154,末
114,156,136,156,136,190,114,190,野
113,192,136,192,136,222,113,222,鹿
112,156,138,156,138,224,112,224,连笔
112,229,137,229,137,251,112,251,呦
114,253,134,253,134,265,114,265,呦
113,266,130,266,130,292,113,292,走
94,26,113,26,113,56,94,56,堂
95,58,112,58,112,70,95,70,下
93,25,114,25,114,71,93,71,连笔
93,73,110,73,110,93,93,93,长
95,97,109,97,109,118,95,118,安
89,119,112,119,112,145,89,145,城
88,95,115,95,115,145,88,145,连笔
91,145,109,145,109,172,91,172,连
90,174,109,174,109,196,90,196,东
84,201,111,201,111,228,84,228,掖
89,230,108,230,108,247,89,247,垣
85,249,111,249,111,277,85,277,凤
86,279,109,279,109,304,86,304,凰
83,247,113,247,113,306,83,306,连笔
66,27,89,27,89,48,66,48,池
67,49,87,49,87,75,67,75,对
69,76,84,76,84,101,69,101,青
64,103,87,103,87,123,64,123,琐
67,124,87,124,87,135,67,135,门
67,138,83,138,83,160,67,160,高
67,161,81,161,81,181,67,181,才
66,137,83,137,83,182,66,182,连笔
62,184,84,184,84,204,62,204,脱
60,207,83,207,83,229,60,229,略
66,231,79,231,79,250,66,250,名
64,252,79,252,79,268,64,268,与
61,270,83,270,83,293,61,293,利
45,26,56,26,56,42,45,42,日
46,44,55,44,55,65,46,65,夕
42,67,60,67,60,89,42,89,望
44,93,57,93,57,115,44,115,君
41,66,61,66,61,116,41,116,连笔
39,120,61,120,61,144,39,144,抱
42,145,56,145,56,166,42,166,琴
41,168,60,168,60,198,41,198,至
