148,26,166,26,166,55,148,55,昔
150,57,166,57,166,99,150,99,年
147,25,169,25,169,100,147,100,连笔
153,103,165,103,165,129,153,129,逢
152,130,166,130,166,143,152,143,太
151,102,168,102,168,144,151,144,连笔
150,145,166,145,166,165,150,165,平
152,169,167,169,167,182,152,182,山
151,184,167,184,167,201,151,201,林
155,203,166,203,166,211,155,211,二
151,212,168,212,168,227,151,227,十
151,229,168,229,168,254,151,254,年
153,258,169,258,169,282,153,282,泉
154,284,170,284,170,303,154,303,源
127,28,140,28,140,51,127,51,在
127,52,144,52,144,79,127,79,庭
131,80,143,80,143,98,131,98,户
125,27,145,27,145,99,125,99,连笔
127,100,147,100,147,119,127,119,洞
130,120,144,120,144,143,130,143,壑
131,145,145,145,145,166,131,166,当
127,168,147,168,147,186,127,186,门
131,184,144,184,144,208,131,208,前
131,210,145,210,145,231,131,231,井
128,232,148,232,148,253,128,253,税
133,254,145,254,145,273,133,273,有
131,275,145,275,145,296,131,296,常
129,254,148,254,148,298,129,298,连笔
102,28,123,28,123,51,102,51,期
106,54,119,54,119,67,106,67,日
105,70,120,70,120,93,105,93,晏
103,96,121,96,121,116,103,116,犹
107,118,123,118,123,134,107,134,得
104,137,126,137,126,155,104,155,眠
103,117,127,117,127,156,103,156,连笔
106,156,122,156,122,176,106,176,忽
104,178,122,178,122,196,104,196,然
107,197,122,197,122,216,107,216,遭
104,218,124,218,124,231,104,231,世
108,235,126,235,126,260,108,260,变
109,262,124,262,124,282,109,282,数
110,283,125,283,125,303,110,303,岁
80,28,101,28,101,48,80,48,亲
84,49,102,49,102,69,84,69,戎
82,70,100,70,100,89,82,89,旃
84,91,97,91,97,108,84,108,今
83,109,97,109,97,133,83,133,来
82,135,97,135,97,155,82,155,典
82,157,98,157,98,180,82,180,斯
81,182,99,182,99,198,81,198,郡
83,201,97,201,97,213,83,213,山
85,215,99,215,99,235,85,235,夷
83,236,102,236,102,251,83,251,又
82,252,102,252,102,269,82,269,纷
83,271,100,271,100,294,83,294,然
54,28,75,28,75,59,54,59,城
60,59,71,59,71,68,60,68,小
60,70,76,70,76,92,60,92,贼
60,93,74,93,74,110,60,110,不
58,112,76,112,76,138,58,138,屠
59,141,78,141,78,158,59,158,人
62,159,76,159,76,180,62,180,贫
59,182,77,182,77,205,59,205,伤
63,207,75,207,75,224,63,224,可
55,225,79,225,79,248,55,248,怜
62,249,75,249,75,270,62,270,是
63,271,77,271,77,290,63,290,以
30,28,48,28,48,52,30,52,陷
33,55,50,55,50,79,33,79,邻
31,82,57,82,57,102,31,102,境
36,103,51,103,51,119,36,119,此
32,120,52,120,52,138,32,138,州
31,139,52,139,52,155,31,155,独
35,157,53,157,53,171,35,171,见
29,138,55,138,55,172,29,172,连笔
36,173,50,173,50,193,36,193,全
36,197,52,197,52,217,36,217,使
36,218,49,218,49,236,36,236,臣
33,238,50,238,50,254,33,254,连将
38,255,48,255,48,270,38,270,王
34,272,50,272,50,296,34,296,命
