170,34,201,34,201,75,170,75,乘
172,80,203,80,203,118,172,118,兴
180,119,201,119,201,148,180,148,南
175,154,202,154,202,183,175,183,游
172,80,204,80,204,184,172,184,连笔
179,187,198,187,198,206,179,206,不
173,206,205,206,205,248,173,248,戒
176,249,206,249,206,281,176,281,严
176,282,204,282,204,300,176,300,九
145,30,164,30,164,67,145,67,重
140,70,165,70,165,99,140,99,谁
145,101,164,101,164,133,145,133,省
139,136,165,136,165,167,139,167,谏
144,169,164,169,164,196,144,196,书
142,199,165,199,165,224,142,224,函
143,225,166,225,166,256,143,256,春
138,259,173,259,173,297,138,297,风
137,223,175,223,175,298,137,298,连笔
112,28,136,28,136,68,112,68,举
108,72,136,72,136,109,108,109,国
113,111,137,111,137,142,113,142,裁
113,147,130,147,130,175,113,175,宫
109,177,134,177,134,231,109,231,锦
110,233,130,233,130,264,110,264,半
107,267,133,267,133,292,107,292,作
82,29,104,29,104,66,82,66,障
77,72,104,72,104,99,77,99,泥
83,103,99,103,99,127,83,127,半
77,129,103,129,103,169,77,169,作
75,170,108,170,108,199,75,199,帆
91,203,99,203,99,220,91,220,李
91,222,100,222,100,233,91,233,商
89,202,101,202,101,234,89,234,隐
89,234,100,234,100,247,89,247,连笔
88,260,99,260,99,273,88,273,隋
88,275,98,275,98,286,88,286,宫
