286,13,324,13,324,55,286,55,体
293,62,318,62,318,113,293,113,行
291,119,320,119,320,165,291,165,藏
297,177,322,177,322,213,297,213,之
295,219,328,219,328,250,295,250,趣
295,261,326,261,326,299,295,299,讵
297,306,323,306,323,347,297,347,若
295,353,324,353,324,386,295,386,功
295,396,321,396,321,433,295,433,宣
294,438,326,438,326,471,294,471,礼
242,16,275,16,275,51,242,51,乐
244,62,281,62,281,107,244,107,妙
246,114,284,114,284,151,246,151,拟
248,161,283,161,283,219,248,219,神
249,232,289,232,289,258,249,258,仙
250,267,284,267,284,301,250,301,犹
252,314,293,314,293,344,252,344,挺
250,351,283,351,283,385,250,385,埴
256,395,275,395,275,425,256,425,之
255,427,278,427,278,447,255,447,罔
253,447,274,447,274,474,253,474,穷
211,20,227,20,227,45,211,45,与
211,51,233,51,233,72,211,72,工
206,78,237,78,237,117,206,117,炉
206,128,236,128,236,160,206,160,而
210,168,236,168,236,212,210,212,并
209,218,238,218,238,261,209,261,运
206,164,240,164,240,263,206,263,连笔
205,273,242,273,242,306,205,306,好
207,313,238,313,238,356,207,356,异
207,363,239,363,239,396,207,396,尚
203,401,235,401,235,438,203,438,奇
211,444,235,444,235,475,211,475,之
164,19,190,19,190,42,164,42,士
164,53,200,53,200,84,164,84,玩
166,94,200,94,200,123,166,123,体
170,129,197,129,197,173,170,173,势
173,184,193,184,193,213,173,213,之
173,220,195,220,195,249,173,249,多
167,263,196,263,196,291,167,291,方
166,303,196,303,196,347,166,347,穷
165,353,197,353,197,390,165,390,微
165,399,194,399,194,434,165,434,测
162,437,196,437,196,471,162,471,妙
123,16,147,16,147,49,123,49,之
121,58,151,58,151,91,121,91,夫
126,109,152,109,152,138,126,138,得
125,146,158,146,158,180,125,180,推
123,106,161,106,161,182,123,182,连笔
119,194,157,194,157,228,119,228,移
129,241,151,241,151,273,129,273,之
120,279,161,279,161,324,120,324,奥
119,328,159,328,159,369,119,369,赜
118,378,152,378,152,428,118,428,著
124,433,154,433,154,473,124,473,述
80,17,102,17,102,48,80,48,者
75,58,107,58,107,93,75,93,假
83,99,103,99,103,137,83,137,其
77,143,114,143,114,184,77,184,糟
74,192,107,192,107,227,74,227,粕
80,237,111,237,111,282,80,282,藻
80,289,110,289,110,339,80,339,鉴
80,352,107,352,107,386,80,386,者
80,394,110,394,110,426,80,426,挹
84,433,111,433,111,470,84,470,其
36,14,61,14,61,68,36,68,菁
28,77,72,77,72,132,28,132,华
34,143,64,143,64,178,34,178,固
29,193,64,193,64,243,29,243,义
34,249,62,249,62,277,34,277,理
37,288,63,288,63,327,37,327,之
37,340,67,340,67,391,37,391,会
29,399,72,399,72,434,29,434,归
36,439,73,439,73,470,36,470,信
