238,18,274,18,274,61,238,61,同
246,68,274,68,274,121,246,121,萃
246,134,278,134,278,170,246,170,思
243,177,287,177,287,221,243,221,遏
248,232,279,232,279,271,248,271,手
253,279,283,279,283,330,253,330,蒙
257,341,282,341,282,373,257,373,五
256,378,285,378,285,417,256,417,合
252,420,301,420,301,462,252,462,交
189,13,232,13,232,62,189,62,臻
198,66,233,66,233,129,198,129,神
195,134,233,134,233,173,195,173,融
206,183,232,183,232,235,206,235,笔 
205,245,243,245,243,291,205,291,畅
199,298,244,298,244,357,199,357,无
206,361,242,361,242,388,206,388,不
212,396,237,396,237,438,212,438,适
213,440,244,440,244,471,213,471,蒙 
136,18,180,18,180,62,136,62,无
148,71,181,71,181,105,148,105,所
150,111,187,111,187,151,150,151,从
148,164,188,164,188,220,148,220,当
156,227,189,227,189,259,156,259,仁
157,274,187,274,187,314,157,314,者
163,324,191,324,191,355,163,355,得
162,359,191,359,191,409,162,409,意 
166,412,191,412,191,437,166,437,忘
163,441,193,441,193,469,163,469,言
90,19,125,19,125,68,90,68,罕
96,78,136,78,136,113,96,113,陈
101,125,126,125,126,175,101,175,其
99,177,129,177,129,228,99,228,要
100,238,141,238,141,280,100,280,企
105,286,132,286,132,329,105,329,学
129,326,145,326,145,351,129,351,者
102,339,131,339,131,410,102,410,希
108,413,151,413,151,458,108,458,风
51,17,83,17,83,60,51,60,叙
47,67,84,67,84,115,47,115,妙
47,125,82,125,82,161,47,161,虽
57,174,90,174,90,221,57,221,述
55,231,93,231,93,270,55,270,犹
54,273,97,273,97,310,54,310, 疏
63,320,98,320,98,356,63,356,徒
69,367,96,367,96,401,69,401,立
72,408,97,408,97,440,72,440,其
73,445,99,445,99,463,73,463,工
69,405,102,405,102,466,69,466,连笔
2,12,31,12,31,57,2,57,未
2,61,35,61,35,99,2,99,敷
0,9,38,9,38,101,0,101,连笔
2,112,35,112,35,162,2,162,厥
4,171,39,171,39,208,4,208,旨
4,227,41,227,41,260,4,260,不
2,268,43,268,43,314,2,314,揆
2,224,45,224,45,316,2,316,连笔
5,326,46,326,46,380,5,380,庸
17,387,56,387,56,424,17,424,味
14,431,62,431,62,470,14,470,辄
