180,28,199,28,199,57,180,57,积
183,58,197,58,197,74,183,74,雨
183,75,198,75,198,93,183,93,空
178,27,200,27,200,93,178,93,连笔
181,95,202,95,202,111,181,111,林
177,117,203,117,203,140,177,140,烟
187,142,201,142,201,156,187,156,火
187,160,199,160,199,184,187,184,迟
189,186,200,186,200,207,189,207,蒸
185,209,201,209,201,237,185,237,藜
183,239,200,239,200,256,183,256,炊
187,257,201,257,201,282,187,282,黍
184,284,205,284,205,301,184,301,饷
160,30,174,30,174,51,160,51,东
160,53,177,53,177,78,160,78,菑
156,81,176,81,176,104,156,104,漠
159,106,175,106,175,125,159,125,漠
160,128,176,128,176,150,160,150,水
159,160,174,160,174,176,159,176,田
161,178,181,178,181,203,161,203,飞
162,205,175,205,175,220,162,220,白
159,221,178,221,178,236,159,236,鹭
165,235,176,235,176,255,165,255,阴
157,221,179,221,179,256,157,256,连笔
159,258,177,258,177,280,159,280,阴
159,281,179,281,179,298,159,298,阴
139,29,152,29,152,54,139,54,夏
137,57,155,57,155,75,137,75,木
134,80,154,80,154,99,134,99,啭
139,101,151,101,151,118,139,118,黄
134,119,155,119,155,148,134,148,鹂
138,151,153,151,153,161,138,161,山
139,162,153,162,153,193,139,193,中
137,150,155,150,155,194,137,194,连笔
137,195,153,195,153,215,137,215,习
137,216,153,216,153,246,137,246,静
135,248,156,248,156,272,135,272,观
136,276,155,276,155,295,136,295,朝
114,28,133,28,133,53,114,53,槿
114,57,131,57,131,75,114,75,松
118,76,129,76,129,85,118,85,下
116,88,133,88,133,111,116,111,清
116,112,130,112,130,132,116,132,斋
111,134,130,134,130,159,111,159,折
114,161,132,161,132,188,114,188,露
115,190,130,190,130,213,115,213,葵
114,216,130,216,130,240,114,240,野
116,241,130,241,130,259,116,259,老
118,261,130,261,130,275,118,275,与
114,277,133,277,133,296,114,296,人
93,29,105,29,105,60,93,60,争
93,62,109,62,109,98,93,98,席
93,99,109,99,109,119,93,119,罢
88,122,109,122,109,145,88,145,海
90,148,110,148,110,170,90,170,鸥
85,172,110,172,110,199,85,199,何
95,201,107,201,107,225,95,225,事
94,226,106,226,106,243,94,243,更
89,246,106,246,106,260,89,260,相
88,262,109,262,109,288,88,288,疑
74,54,84,54,84,70,74,70,王
71,73,86,73,86,89,71,89,维
72,107,86,107,86,126,72,126,积
75,128,84,128,84,139,75,139,雨
71,140,86,140,86,154,71,154,辋
74,156,85,156,85,171,74,171,川
73,173,83,173,83,189,73,189,庄
73,191,86,191,86,205,73,205,作
