109,20,166,20,166,68,109,68,张
109,74,171,74,171,161,109,161,颠
107,19,173,19,173,162,107,162,连笔
131,153,151,153,151,201,131,201,曾
134,203,158,203,158,214,134,214,不
132,222,165,222,165,259,132,259,易
138,261,168,261,168,283,138,283,许
64,23,99,23,99,57,64,57,御
63,59,111,59,111,101,63,101,史
74,104,104,104,104,148,74,148,瑶
76,149,102,149,102,174,76,174,云
73,103,105,103,105,176,73,176,连笔
74,178,107,178,107,218,74,218,志
84,220,106,220,106,245,84,245,在
80,247,114,247,114,279,80,279,新
73,177,116,177,116,281,73,281,连笔
28,20,52,20,52,46,28,46,奇
22,48,62,48,62,98,22,98,无
28,101,66,101,66,142,28,142,定
28,146,65,146,65,186,28,186,则
27,100,68,100,68,187,27,187,连笔
34,185,63,185,63,225,34,225,古
19,227,69,227,69,284,19,284,瘦
