144,30,168,30,168,65,144,65,楚
149,68,164,68,164,85,149,85,江
143,86,167,86,167,109,143,109,微
149,110,164,110,164,130,149,130,雨
142,85,168,85,168,131,142,131,连笔
146,132,169,132,169,163,146,163,里
148,167,165,167,165,195,148,195,建
143,196,164,196,164,221,143,221,业
149,223,166,223,166,250,149,250,暮
141,251,170,251,170,284,141,284,钟
119,35,142,35,142,68,119,68,时
121,69,140,69,140,91,121,91,漠
118,93,141,93,141,116,118,116,漠
115,122,143,122,143,144,115,144,帆
123,145,139,145,139,170,123,170,来
124,172,139,172,139,196,124,196,重
120,199,139,199,139,220,120,220,冥
121,223,140,223,140,246,121,246,冥
124,248,138,248,138,278,124,278,鸟
125,280,139,280,139,297,125,297,去
121,248,140,248,140,298,121,298,连笔
97,37,116,37,116,71,97,71,迟
90,75,112,75,112,102,90,102,海
95,105,112,105,112,117,95,117,门
88,74,113,74,113,118,88,118,连笔
93,119,113,119,113,142,93,142,深
95,146,111,146,111,161,95,161,不
90,119,114,119,114,163,90,163,连笔
93,165,120,165,120,188,93,188,见
89,189,112,189,112,221,89,221,浦
90,222,115,222,115,249,90,249,树
89,251,118,251,118,291,89,291,远
67,36,83,36,83,67,67,67,含
62,68,85,68,85,95,62,95,滋
62,99,81,99,81,119,62,119,相
64,120,82,120,82,148,64,148,送
59,151,84,151,84,179,59,179,情
57,119,86,119,86,181,57,181,连笔
62,182,83,182,83,208,62,208,无
62,210,85,210,85,238,62,238,限
63,241,80,241,80,259,63,259,沾
60,261,83,261,83,287,60,287,襟
38,35,55,35,55,50,38,50,必
35,53,57,53,57,78,35,78,散
37,81,56,81,56,106,37,106,丝
41,108,52,108,52,120,41,120,韦
41,122,50,122,50,136,41,136,应
40,137,52,137,52,147,40,147,物
41,162,53,162,53,174,41,174,赋
42,175,52,175,52,184,42,184,得
42,185,51,185,51,199,42,199,暮
42,200,50,200,50,208,42,208,雨
41,209,53,209,53,223,41,223,送
43,224,52,224,52,237,43,237,李
44,238,53,238,53,247,44,247,冑
