149,30,168,30,168,72,149,72,争
143,74,168,74,168,109,143,109,神
146,111,168,111,168,135,146,135,骏
141,139,167,139,167,160,141,160,顾
145,162,170,162,170,182,145,182,视
147,185,164,185,164,211,147,211,清
147,212,162,212,162,234,147,234,高
145,237,165,237,165,267,145,267,气
144,269,164,269,164,283,144,283,深
143,235,166,235,166,284,143,284,连笔
143,285,168,285,168,308,143,308,稳
119,31,144,31,144,54,119,54,借
123,56,140,56,140,69,123,69,问
124,72,139,72,139,95,124,95,苦
120,97,142,97,142,105,120,105,心
123,108,138,108,138,132,123,132,爱
123,134,137,134,137,157,123,157,者
122,107,139,107,139,158,122,158,连笔
118,161,139,161,139,187,118,187,谁
120,190,142,190,142,214,120,214,后
123,215,135,215,135,240,123,240,有
119,242,139,242,139,266,119,266,韦
115,267,142,267,142,285,115,285,讽
120,287,138,287,138,308,120,308,前
92,29,114,29,114,57,92,57,支
91,58,110,58,110,83,91,83,遁
89,88,111,88,111,109,89,109,忆
95,112,109,112,109,134,95,134,昔
89,137,110,137,110,155,89,155,巡
94,157,111,157,111,192,94,192,幸
90,196,111,196,111,219,90,219,新
94,220,110,220,110,251,94,251,丰
92,252,109,252,109,276,92,276,宫
90,279,112,279,112,307,90,307,翠
62,30,85,30,85,65,62,65,华
63,68,85,68,85,104,63,104,拂
66,107,86,107,86,124,66,124,天
67,126,82,126,82,152,67,152,来
65,155,85,155,85,171,65,171,向
66,174,84,174,84,195,66,195,东
64,154,88,154,88,196,64,196,连笔
61,196,85,196,85,218,61,218,騰
63,220,85,220,85,244,63,244,骧
64,246,84,246,84,268,64,268,磊
63,270,83,270,83,306,63,306,落
39,31,55,31,55,49,39,49,三
37,50,54,50,54,86,37,86,万
37,88,53,88,53,108,37,108,匹
37,111,54,111,54,134,37,134,皆
37,136,53,136,53,153,37,153,与
37,156,56,156,56,175,37,175,此
36,176,56,176,56,199,36,199,图
36,201,55,201,55,237,36,237,筋
36,239,51,239,51,263,36,263,骨
32,268,55,268,55,297,32,297,同
