138,26,160,26,160,58,138,58,清
139,63,159,63,159,87,139,87,溪
137,25,161,25,161,89,137,89,连笔
138,93,160,93,160,116,138,116,深
142,119,159,119,159,135,142,135,不
138,139,160,139,160,160,138,160,测
140,164,158,164,158,187,140,187,隐
141,189,159,189,159,220,141,220,处
139,224,158,224,158,248,139,248,惟
141,251,161,251,161,269,141,269,孤
141,271,160,271,160,302,141,302,云
137,222,162,222,162,303,137,303,连笔
112,31,131,31,131,52,112,52,松
109,56,134,56,134,81,109,81,际
114,83,130,83,130,115,114,115,露
109,119,131,119,131,139,109,139,微
116,141,127,141,127,174,116,174,月
110,177,129,177,129,204,110,204,清
115,206,129,206,129,223,115,223,光
107,226,129,226,129,250,107,250,犹
115,251,131,251,131,268,115,268,为
114,270,131,270,131,295,114,295,君
106,224,134,224,134,296,106,296,连笔
84,26,99,26,99,62,84,62,茅
88,65,101,65,101,103,88,103,亭
81,105,103,105,103,132,81,132,宿
88,134,104,134,104,153,88,153,花
78,104,105,104,105,154,78,154,连笔
83,156,105,156,105,183,83,183,影
86,186,103,186,103,217,86,217,药
81,218,105,218,105,239,81,239,院
83,241,102,241,102,260,83,260,滋
85,262,99,262,99,280,85,280,苔
81,281,107,281,107,301,81,301,纹
55,30,75,30,75,57,55,57,余
59,60,74,60,74,73,59,73,亦
54,76,77,76,77,101,54,101,谢
57,103,76,103,76,123,57,123,时
59,124,73,124,73,143,59,143,去
57,102,77,102,77,144,57,144,连笔
54,146,77,146,77,167,54,167,西
57,168,75,168,75,180,57,180,山
54,181,75,181,75,229,54,229,鸾
50,230,76,230,76,256,50,256,鹤
54,259,72,259,72,290,54,290,群
49,229,79,229,79,291,49,291,连笔
38,46,49,46,49,64,38,64,常
38,66,49,66,49,82,38,82,建
34,45,51,45,51,98,34,98,连笔
38,100,50,100,50,118,38,118,宿
39,120,49,120,49,131,39,131,王
37,133,49,133,49,146,37,146,昌
36,119,51,119,51,147,36,147,连笔
36,149,49,149,49,164,36,164,龄
36,164,50,164,50,178,36,178,隐
38,179,49,179,49,195,38,195,居
35,163,52,163,52,197,35,197,连笔
