183,34,204,34,204,65,183,65,神
182,66,203,66,203,93,182,93,欢
184,95,203,95,203,117,184,117,体
188,119,200,119,200,141,188,141,自
184,142,201,142,201,163,184,163,轻
185,165,199,165,199,188,185,188,意
183,190,201,190,201,206,183,206,欲
183,208,201,208,201,231,183,231,凌
184,232,204,232,204,255,184,255,风
181,207,205,207,205,256,181,256,连笔
182,257,202,257,202,278,182,278,翔
186,280,203,280,203,301,186,301,吴
160,33,178,33,178,55,160,55,中
161,58,179,58,179,87,161,87,盛
162,89,178,89,178,106,162,106,文
162,107,180,107,180,124,162,124,史
162,128,175,128,175,158,162,158,群
159,159,175,159,175,184,159,184,彦
158,126,177,126,177,185,158,185,连笔
164,186,175,186,175,202,164,202,今
161,205,176,205,176,223,161,223,汪
157,223,177,223,177,248,157,248,洋
156,204,178,204,178,249,156,249,连笔
162,249,174,249,174,264,162,264,方
158,264,179,264,179,279,158,279,知
160,281,179,281,179,298,160,298,大
136,31,154,31,154,65,136,65,藩
131,68,155,68,155,85,131,85,地
138,87,154,87,154,107,138,107,岂
140,108,150,108,150,122,140,122,日
136,86,155,86,155,123,136,123,连笔
136,124,152,124,152,143,136,143,财
135,145,153,145,153,167,135,167,赋
133,169,151,169,151,189,133,189,强
