182,28,199,28,199,48,182,48,女
184,49,198,49,198,77,184,77,忽
183,79,198,79,198,102,183,102,成
181,105,198,105,198,137,181,137,行
180,139,200,139,200,158,180,158,怡
184,160,199,160,199,181,184,181,然
177,186,204,186,204,209,177,209,敬
182,214,200,214,200,228,182,228,父
180,232,204,232,204,253,180,253,执
182,256,200,256,200,272,182,272,问
180,273,206,273,206,298,180,298,我
159,26,174,26,174,52,159,52,来
154,54,174,54,174,77,154,77,何
151,23,177,23,177,79,151,79,连笔
156,82,173,82,173,99,156,99,方
153,102,175,102,175,125,153,125,问
155,125,174,125,174,150,155,150,答
156,153,176,153,176,175,156,175,未
158,177,173,177,173,199,158,199,及
158,202,176,202,176,219,158,219,已
157,176,176,176,176,220,157,220,连笔
153,223,177,223,177,243,153,243,儿
158,246,175,246,175,262,158,262,女
155,263,176,263,176,293,155,293,罗
125,26,150,26,150,59,125,59,酒
125,60,148,60,148,96,125,96,浆
123,101,144,101,144,127,123,127,夜
127,128,146,128,146,148,127,148,雨
122,99,147,99,147,149,122,149,连笔
126,151,146,151,146,182,126,182,剪
127,183,147,183,147,211,127,211,春
128,212,145,212,145,232,128,232,韭
125,183,148,183,148,234,125,234,连笔
123,235,146,235,146,265,123,265,新
126,267,146,267,146,286,126,286,炊
97,30,117,30,117,54,97,54,间
102,57,117,57,117,82,102,82,黄
96,29,118,29,118,83,96,83,连笔
98,85,119,85,119,118,98,118,梁
101,121,115,121,115,143,101,143,主
99,146,119,146,119,180,99,180,称
97,120,122,120,122,181,97,181,连笔
101,182,117,182,117,207,101,207,会
100,209,119,209,119,227,100,227,面
99,181,121,181,121,229,99,229,连笔
97,231,118,231,118,259,97,259,难
103,262,115,262,115,270,103,270,一
98,272,119,272,119,298,98,298,举
70,30,91,30,91,60,70,60,累
71,61,88,61,88,94,71,94,十
69,96,92,96,92,136,69,136,觞
75,137,85,137,85,148,75,148,十
71,150,91,150,91,171,71,171,觞
75,172,87,172,87,188,75,188,亦
70,191,91,191,91,213,70,213,不
67,216,93,216,93,239,67,239,醉
72,241,91,241,91,268,72,268,感
72,271,86,271,86,290,72,290,子
