179,31,199,31,199,53,179,53,太
181,55,198,55,198,70,181,70,乙
180,74,195,74,195,103,180,103,近
180,105,195,105,195,126,180,126,天
178,73,196,73,196,127,178,127,连笔
176,129,199,129,199,157,176,157,都
180,161,195,161,195,193,180,193,连
178,198,198,198,198,215,178,215,山
176,218,198,218,198,242,176,242,到
177,245,198,245,198,266,177,266,海
175,270,200,270,200,294,175,294,隅
153,31,176,31,176,58,153,58,白
156,60,174,60,174,90,156,90,云
151,30,177,30,177,91,151,91,连笔
157,94,173,94,173,114,157,114,回
150,114,172,114,172,148,150,148,望
149,93,174,93,174,150,149,150,连笔
158,151,171,151,171,174,158,174,合
154,177,172,177,172,215,154,215,青
151,219,172,219,172,255,151,255,霭
153,258,171,258,171,268,153,268,入
154,270,167,270,167,293,154,293,看
126,29,149,29,149,61,126,61,无
131,63,147,63,147,90,131,90,分
125,91,147,91,147,119,125,119,野
129,120,145,120,145,150,129,150,中
130,154,145,154,145,185,130,185,峰
128,186,149,186,149,218,128,218,变
124,221,146,221,146,249,124,249,阴
126,251,145,251,145,274,126,274,晴
123,220,148,220,148,275,123,275,连笔
128,271,147,271,147,296,128,296,众
101,33,120,33,120,64,101,64,壑
101,67,125,67,125,91,101,91,殊
101,92,120,92,120,114,101,114,欲
98,117,123,117,123,139,98,139,投
101,144,122,144,122,161,101,161,人
100,162,120,162,120,196,100,196,处
97,116,124,116,124,198,97,198,连笔
98,200,119,200,119,227,98,227,宿
98,230,120,230,120,257,98,257,隔
103,259,122,259,122,291,103,291,水
68,35,94,35,94,60,68,60,问
66,64,91,64,91,93,66,93,樵
74,95,89,95,89,122,74,122,夫
75,124,84,124,84,137,75,137,王
72,138,87,138,87,154,72,154,维
71,123,88,123,88,155,71,155,连笔
71,170,87,170,87,186,71,186,终
74,188,87,188,87,209,74,209,南
72,212,89,212,89,221,72,221,连笔
69,169,88,169,88,211,69,211,山
