142,28,166,28,166,57,142,57,转
145,59,163,59,163,81,145,81,迥
144,84,167,84,167,105,144,105,龙
142,108,166,108,166,135,142,135,驭
143,138,166,138,166,159,143,159,到
148,161,164,161,164,175,148,175,此
143,176,166,176,166,202,143,202,踌
142,204,166,204,166,231,142,231,躇
146,234,162,234,162,251,146,251,不
144,254,165,254,165,274,144,274,能
147,275,163,275,163,295,147,295,去
121,28,138,28,138,56,121,56,马
120,60,139,60,139,90,120,90,嵬
116,92,137,92,137,110,116,110,坡
122,111,136,111,136,124,122,124,下
115,91,138,91,138,126,115,126,连笔
118,128,139,128,139,152,118,152,泥
122,154,137,154,137,170,122,170,土
116,127,141,127,141,171,116,171,连笔
121,172,138,172,138,210,121,210,中
120,218,138,218,138,236,120,236,不
122,240,139,240,139,258,122,258,见
119,217,141,217,141,259,119,259,连笔
121,259,136,259,136,273,121,273,玉
115,274,140,274,140,300,115,300,颜
92,26,114,26,114,56,92,56,空
96,58,112,58,112,78,96,78,死
92,78,112,78,112,109,92,109,处
97,111,112,111,112,138,97,138,君
95,139,109,139,109,160,95,160,臣
93,162,113,162,113,180,93,180,相
92,182,114,182,114,205,92,205,顾
95,204,111,204,111,230,95,230,尽
92,234,111,234,111,253,92,253,沾
91,255,113,255,113,275,91,275,衣
91,276,111,276,111,301,91,301,东
65,28,87,28,87,56,65,56,望
67,58,86,58,86,84,67,84,都
68,87,87,87,87,110,68,110,门
65,57,90,57,90,112,65,112,连笔
66,113,86,113,86,137,66,137,信
70,139,87,139,87,159,70,159,马
66,161,89,161,89,184,66,184,归
67,188,87,188,87,206,67,206,归
69,208,83,208,83,233,69,233,来
65,186,89,186,89,234,65,234,连笔
66,236,86,236,86,257,66,257,池
68,257,86,257,86,280,68,280,苑
68,281,86,281,86,301,68,301,皆
35,32,60,32,60,55,35,55,依
39,56,60,56,60,92,39,92,旧
40,93,55,93,55,114,40,114,太
36,116,60,116,60,137,36,137,液
40,138,53,138,53,165,40,165,芙
38,166,58,166,58,201,38,201,蓉
38,203,54,203,54,223,38,223,未
35,225,56,225,56,247,35,247,央
37,249,58,249,58,271,37,271,柳
38,273,53,273,53,296,38,296,芙
