185,29,206,29,206,58,185,58,卢
187,59,207,59,207,78,187,78,家
188,79,203,79,203,111,188,111,少
184,110,205,110,205,129,184,129,妇
183,130,205,130,205,165,183,165,郁
187,167,201,167,201,187,187,187,金
185,189,202,189,202,212,185,212,堂
182,130,206,130,206,213,182,213,连笔
181,214,206,214,206,244,181,244,海
185,245,202,245,202,270,185,270,燕
187,272,209,272,209,301,187,301,双
164,27,185,27,185,53,164,53,栖
164,55,185,55,185,74,164,74,玳
163,74,183,74,183,92,163,92,瑁
164,94,183,94,183,116,164,116,梁
163,120,181,120,181,135,163,135,九
164,136,175,136,175,160,164,160,月
160,162,179,162,179,187,160,187,寒
157,189,178,189,178,209,157,209,砧
156,210,176,210,176,235,156,235,催
162,237,176,237,176,253,162,253,木
155,210,178,210,178,254,155,254,连笔
157,254,178,254,178,281,157,281,叶
159,283,176,283,176,299,159,299,十
140,27,155,27,155,60,140,60,年
139,62,161,62,161,78,139,78,征
141,81,159,81,159,101,141,101,戍
134,103,156,103,156,123,134,123,忆
139,126,159,126,159,156,139,156,辽
138,158,156,158,156,188,138,188,阳
135,191,154,191,154,211,135,211,白
132,214,153,214,153,235,132,235,狼
137,236,152,236,152,261,137,261,河
133,263,154,263,154,276,133,276,北
138,277,151,277,151,302,138,302,音
116,30,133,30,133,49,116,49,书
113,52,134,52,134,95,113,95,断
114,103,131,103,131,120,114,120,丹
113,121,134,121,134,149,113,149,风
110,150,132,150,132,174,110,174,城
117,176,133,176,133,194,117,194,南
112,197,130,197,130,218,112,218,秋
110,220,131,220,131,240,110,240,夜
109,196,131,196,131,241,109,241,连笔
113,240,128,240,128,261,113,261,长
107,264,128,264,128,286,107,286,谁
113,286,129,286,129,303,113,303,为
106,262,132,262,132,304,106,304,连笔
93,27,107,27,107,58,93,58,含
89,59,107,59,107,85,89,85,愁
88,89,109,89,109,109,88,109,独
90,112,106,112,106,126,90,126,不
92,129,110,129,110,146,92,146,见
89,111,111,111,111,147,89,147,连笔
88,150,107,150,107,171,88,171,更
87,172,108,172,108,198,87,198,教
91,200,103,200,103,213,91,213,明
92,215,102,215,102,232,92,232,月
90,199,104,199,104,233,90,233,连笔
86,234,104,234,104,254,86,254,照
86,256,104,256,104,274,86,274,流
86,277,103,277,103,301,86,301,黄
69,47,86,47,86,64,69,64,沈
71,66,83,66,83,79,71,79,佺
68,80,83,80,83,92,68,92,期
68,111,83,111,83,127,68,127,独
71,129,81,129,81,136,71,136,不
72,139,84,139,84,152,72,152,见
69,128,86,128,86,154,69,154,连笔
