153,31,174,31,174,60,153,60,少
156,63,170,63,170,90,156,90,年
157,91,169,91,169,104,157,104,十
155,105,170,105,170,122,155,122,五
159,125,169,125,169,137,159,137,二
154,140,168,140,168,155,154,155,十
151,155,171,155,171,180,151,180,时
154,183,167,183,167,208,154,208,步
152,209,167,209,167,230,152,230,行
149,231,172,231,172,269,149,269,夺
151,270,170,270,170,289,151,289,得
128,32,148,32,148,55,128,55,胡
130,58,149,58,149,82,130,82,马
126,85,149,85,149,135,126,135,骑
124,31,152,31,152,138,124,138,连笔
127,140,147,140,147,167,127,167,射
127,168,145,168,145,196,127,196,杀
130,199,145,199,145,214,130,214,山
125,167,148,167,148,215,125,215,连笔
127,216,144,216,144,236,127,236,中
127,244,143,244,143,273,127,273,白
122,274,147,274,147,297,122,297,额
100,32,121,32,121,73,100,73,虎
104,76,120,76,120,108,104,108,肯
102,110,120,110,120,138,102,138,数
98,139,122,139,122,167,98,167,邺
106,168,119,168,119,181,106,181,下
105,183,118,183,118,205,105,205,黄
98,208,121,208,121,235,98,235,须
98,236,125,236,125,261,98,261,儿
104,264,116,264,116,268,104,268,一
101,271,115,271,115,297,101,297,身
70,33,92,33,92,63,70,63,转
69,66,96,66,96,95,69,95,战
66,32,96,32,96,97,66,97,连笔
75,98,88,98,88,115,75,115,三
75,117,88,117,88,144,75,144,千
72,147,91,147,91,173,72,173,里
75,176,90,176,90,184,75,184,一
71,188,94,188,94,215,71,215,剑
74,216,90,216,90,242,74,242,曾
73,246,90,246,90,272,73,272,当
75,274,88,274,88,296,75,296,百
43,32,59,32,59,70,43,70,万
40,74,64,74,64,117,40,117,师
38,30,65,30,65,119,38,119,连笔
43,120,61,120,61,147,43,147,汉
46,149,58,149,58,173,46,173,兵
46,174,61,174,61,207,46,207,奋
43,208,67,208,67,234,43,234,迅
42,237,67,237,67,257,42,257,如
43,258,64,258,64,297,43,297,霹
