26,1,28,1,28,6,26,6,草
26,7,29,7,29,10,26,10,体
26,11,30,11,30,15,26,15,彼
27,15,29,15,29,19,27,19,之
27,19,29,19,29,22,27,22,二
27,23,30,23,30,27,27,27,美
27,28,30,28,30,31,27,31,而
26,31,30,31,30,35,26,35,逸
27,35,30,35,30,41,27,41,少
27,41,30,41,30,44,27,44,兼
27,45,29,45,29,48,27,48,之
21,2,25,2,25,5,21,5,拟
22,6,25,6,25,10,22,10,草
22,11,25,11,25,15,22,15,则
22,15,26,15,26,19,22,19,余
23,20,25,20,25,24,23,24,真
22,25,26,25,26,27,22,27,比
22,28,26,28,26,32,22,32,真
22,32,26,32,26,36,22,36,则
23,37,25,37,25,41,23,41,长
23,41,25,41,25,45,23,45,草
23,45,26,45,26,47,23,47,虽
22,37,27,37,27,48,22,48,连笔
18,1,20,1,20,5,18,5,专
18,6,20,6,20,9,18,9,工
17,9,21,9,21,11,17,11,小
18,12,21,12,21,15,18,15,劣
18,16,21,16,21,20,18,20,而
18,20,21,20,21,24,18,24,博
18,24,21,24,21,29,18,29,涉
18,30,21,30,21,34,18,34,多
18,34,21,34,21,37,18,37,优
18,38,22,38,22,40,18,40,总
19,41,21,41,21,44,19,44,其
19,44,22,44,22,48,19,48,终
12,1,16,1,16,4,12,4,始
13,5,16,5,16,9,13,9,匪
12,9,17,9,17,13,12,13,无
13,14,16,14,16,18,13,18,乖
13,19,16,19,16,23,13,23,互
13,24,17,24,17,27,13,27,谢
13,28,17,28,17,32,13,32,安
14,32,18,32,18,35,14,35,素
14,37,17,37,17,40,14,40,善
14,41,18,41,18,44,14,44,尺
14,44,18,44,18,48,14,48,椟
8,1,12,1,12,5,8,5,而
8,6,11,6,11,10,8,10,轻
9,10,11,10,11,14,9,14,子
8,14,12,14,12,18,8,18,敬
9,18,11,18,11,22,9,22,之
9,22,12,22,12,25,9,25,书
9,26,12,26,12,29,9,29,子
10,30,13,30,13,33,10,33,敬
10,34,13,34,13,39,10,39,尝
10,39,13,39,13,42,10,42,作
10,42,13,42,13,45,10,45,佳
10,45,14,45,14,47,10,47,书
4,2,8,2,8,6,4,6,谓
3,6,7,6,7,9,3,9,必
4,10,8,10,8,14,4,14,存
4,15,8,15,8,19,4,19,录
5,20,7,20,7,24,5,24,安
5,24,9,24,9,28,5,28,辄
4,20,9,20,9,28,4,28,连笔
5,29,9,29,9,34,5,34,题
5,34,9,34,9,38,5,38,后
5,38,9,38,9,43,5,43,答
6,43,8,43,8,47,6,47,之
0,2,2,2,2,5,0,5,甚
0,5,2,5,2,8,0,8,以
0,8,3,8,3,10,0,10,为
0,11,3,11,3,15,0,15,恨
0,16,3,16,3,20,0,20,安
0,21,3,21,3,25,0,25,尝
0,25,4,25,4,28,0,28,问
0,28,4,28,4,32,0,32,敬
1,32,4,32,4,34,1,34,卿
1,34,4,34,4,38,1,38,书
1,38,4,38,4,42,1,42,何
1,42,4,42,4,44,1,44,如
1,44,4,44,4,47,1,47,右
0,42,4,42,4,47,0,47,连笔
