14,3,17,3,17,5,14,5,飒
14,5,17,5,17,7,14,7,飒
14,7,16,7,16,10,14,10,东
14,10,16,10,16,12,14,12,风
14,13,16,13,16,14,14,14,细
15,14,16,14,16,16,15,16,雨
14,16,16,16,16,19,14,19,来
14,19,16,19,16,22,14,22,芙
14,22,16,22,16,26,14,26,蓉
14,26,16,26,16,28,14,28,塘
14,28,16,28,16,29,14,29,外
12,3,14,3,14,5,12,5,有
12,5,14,5,14,8,12,8,轻
12,8,14,8,14,10,12,10,雷
12,11,14,11,14,13,12,13,金
12,13,14,13,14,15,12,15,蟾
12,16,14,16,14,19,12,19,啮
11,19,14,19,14,22,11,22,锁
12,22,14,22,14,23,12,23,烧
12,23,13,23,13,26,12,26,香
11,26,13,26,13,27,11,27,入
12,27,13,27,13,29,12,29,玉
10,3,12,3,12,7,10,7,虎
10,7,12,7,12,10,10,10,牵
10,10,12,10,12,12,10,12,丝
10,13,11,13,11,15,10,15,汲
10,15,11,15,11,16,10,16,井
9,16,11,16,11,18,9,18,回
9,19,11,19,11,21,9,21,贾
10,21,11,21,11,23,10,23,氏
9,23,11,23,11,25,9,25,窥
9,25,11,25,11,29,9,29,帘
7,3,10,3,10,5,7,5,韩
7,5,9,5,9,7,7,7,掾
8,7,9,7,9,12,8,12,少
7,12,9,12,9,14,7,14,宓
7,14,9,14,9,16,7,16,妃
7,16,9,16,9,18,7,18,留
7,18,9,18,9,20,7,20,枕
7,20,9,20,9,23,7,23,魏
7,23,9,23,9,24,7,24,王
7,25,9,25,9,26,7,26,才
7,26,9,26,9,28,7,28,春
7,28,9,28,9,29,7,29,心
5,2,7,2,7,5,5,5,莫
5,5,6,5,6,7,5,7,共
5,7,7,7,7,9,5,9,花
5,9,7,9,7,12,5,12,争
5,12,7,12,7,15,5,15,发
5,15,6,15,6,16,5,16,一
5,16,6,16,6,18,5,18,寸
5,18,7,18,7,20,5,20,相
5,20,7,20,7,22,5,22,思
5,22,6,22,6,23,5,23,一
5,23,6,23,6,25,5,25,寸
5,25,7,25,7,27,5,27,灰
3,6,5,6,5,8,3,8,李
3,8,5,8,5,10,3,10,商
3,10,5,10,5,11,3,11,隐
3,13,5,13,5,15,3,15,无
3,15,5,15,5,17,3,17,题
14,2,17,2,17,7,14,7,连笔
14,7,16,7,16,12,14,12,连笔
14,12,16,12,16,16,14,16,连笔
14,25,16,25,16,30,14,30,连笔
12,5,14,5,14,11,12,11,连笔
11,10,14,10,14,16,11,16,连笔
11,21,14,21,14,26,11,26,连笔
9,12,12,12,12,16,9,16,连笔
9,19,12,19,12,23,9,23,连笔
4,18,7,18,7,22,4,22,连笔
3,5,5,5,5,12,3,12,连笔
