14,3,17,3,17,6,14,6,宣
14,6,17,6,17,10,14,10,室
15,11,17,11,17,13,15,13,求
14,13,17,13,17,16,14,16,贤
14,17,17,17,17,19,14,19,访
14,19,16,19,16,22,14,22,逐
14,22,16,22,16,25,14,25,客
14,25,16,25,16,28,14,28,贾
14,28,16,28,16,30,14,30,生
12,3,14,3,14,6,12,6,才
11,6,14,6,14,9,11,9,调
12,9,13,9,13,13,12,13,更
11,13,14,13,14,16,11,16,无
11,16,13,16,13,19,11,19,伦
11,19,13,19,13,23,11,23,可
10,23,13,23,13,28,10,28,怜
8,3,11,3,11,6,8,6,夜
8,6,10,6,10,9,8,9,半
8,9,10,9,10,13,8,13,虚
8,13,11,13,11,17,8,17,前
8,17,11,17,11,22,8,22,席
8,23,10,23,10,25,8,25,不
8,25,10,25,10,28,8,28,问
5,2,7,2,7,7,5,7,苍
5,7,7,7,7,10,5,10,生
4,10,7,10,7,14,4,14,问
5,14,7,14,7,17,5,17,鬼
4,17,7,17,7,23,4,23,神
3,5,4,5,4,7,3,7,李
3,7,4,7,4,8,3,8,商
3,8,4,8,4,10,3,10,隐
3,11,4,11,4,13,3,13,贾
3,13,4,13,4,14,3,14,生
14,2,17,2,17,11,14,11,连笔
14,25,17,25,17,30,14,30,连笔
7,9,11,9,11,17,7,17,连笔
