28,1,30,1,30,5,28,5,之
28,6,32,6,32,10,28,10,类
29,11,32,11,32,13,29,13,乍
28,14,32,14,32,18,28,18,图
29,19,32,19,32,23,29,23,真
28,23,32,23,32,27,28,27,於
28,28,32,28,32,31,28,31,率
29,32,32,32,32,36,29,36,尔
29,36,32,36,32,40,29,40,或
29,41,32,41,32,44,29,44,写
29,45,32,45,32,47,29,47,瑞
24,1,27,1,27,4,24,4,於
24,5,28,5,28,10,24,10,当
24,10,27,10,27,14,24,14,年
24,15,28,15,28,19,24,19,巧
25,20,28,20,28,25,25,25,涉
24,25,28,25,28,29,24,29,丹
25,30,27,30,27,35,25,35,青
25,35,27,35,27,37,25,37,工
24,38,28,38,28,43,24,43,亏
25,43,28,43,28,47,25,47,翰
20,1,23,1,23,6,20,6,墨
20,6,23,6,23,10,20,10,既
20,11,24,11,24,15,20,15,异
21,16,23,16,23,19,21,19,夫
20,20,24,20,24,23,20,23,楷
21,24,23,24,23,28,21,28,式
20,29,24,29,24,32,20,32,非
21,32,24,32,24,36,21,36,所
21,37,24,37,24,40,21,40,详
21,41,24,41,24,44,21,44,焉
21,44,24,44,24,47,21,47,代
16,1,19,1,19,5,16,5,传
16,5,20,5,20,10,16,10,羲
17,11,19,11,19,13,17,13,之
17,14,19,14,19,17,17,17,与
16,18,19,18,19,21,16,21,子
16,22,20,22,20,25,16,25,敬
16,26,19,26,19,31,16,31,笔
16,32,20,32,20,37,16,37,势
16,38,19,38,19,42,16,42,论
17,42,19,42,19,44,17,44,十
17,44,19,44,19,47,17,47,章
12,1,16,1,16,5,12,5,文
12,5,16,5,16,9,12,9,鄙
13,9,16,9,16,13,13,13,理
12,14,16,14,16,17,12,17,疏
13,19,15,19,15,23,13,23,意
12,24,15,24,15,28,12,28,乖
12,28,15,28,15,31,12,31,言
12,33,15,33,15,36,12,36,拙
12,37,15,37,15,40,12,40,详
12,41,14,41,14,44,12,44,其
12,44,15,44,15,47,12,47,旨
7,2,11,2,11,4,7,4,趣
8,6,11,6,11,10,8,10,殊
8,11,11,11,11,14,8,14,非
8,14,11,14,11,18,8,18,右
8,19,11,19,11,26,8,26,军
8,27,10,27,10,31,8,31,且
7,31,10,31,10,34,7,34,右
8,35,11,35,11,39,8,39,军
8,40,11,40,11,42,8,42,位
8,43,11,43,11,47,8,47,重
3,1,6,1,6,5,3,5,才
4,6,6,6,6,10,4,10,高
3,11,7,11,7,16,3,16,调
4,16,6,16,6,21,4,21,清
3,22,7,22,7,25,3,25,词
3,26,6,26,6,30,3,30,雅
3,31,6,31,6,37,3,37,声
6,36,8,36,8,39,6,39,尘
4,37,6,37,6,40,4,40,未
4,41,7,41,7,43,4,43,泯
4,44,7,44,7,47,4,47,翰
3,31,7,31,7,40,3,40,连笔
