17,2,20,2,20,6,17,6,城
18,6,20,6,20,8,18,8,阙
18,9,20,9,20,11,18,11,辅
18,11,19,11,19,13,18,13,三
18,13,20,13,20,16,18,16,秦
17,17,20,17,20,19,17,19,风
20,19,20,19,20,19,20,19,无内容
17,19,20,19,20,22,17,22,烟
18,22,20,22,20,24,18,24,望
18,25,19,25,19,26,18,26,五
18,27,20,27,20,29,18,29,津
15,2,16,2,16,5,15,5,与
15,5,16,5,16,7,15,7,君
14,8,17,8,17,11,14,11,离
15,11,17,11,17,14,15,14,别
15,14,16,14,16,16,15,16,意
15,17,16,17,16,19,15,19,同
15,19,16,19,16,22,15,22,是
15,22,16,22,16,25,15,25,宦
15,25,16,25,16,26,15,26,游
14,27,17,27,17,29,14,29,人
11,3,14,3,14,5,11,5,海
12,6,14,6,14,8,12,8,内
12,8,14,8,14,11,12,11,存
11,11,14,11,14,14,11,14,知
12,14,14,14,14,15,12,15,己
12,16,13,16,13,18,12,18,天
12,18,14,18,14,21,12,21,涯
12,21,14,21,14,24,12,24,若
11,25,14,25,14,26,11,26,比
11,26,14,26,14,29,11,29,邻
8,3,10,3,10,5,8,5,无
8,6,10,6,10,8,8,8,为
9,9,10,9,10,11,9,11,在
8,12,10,12,10,15,8,15,歧
8,15,11,15,11,17,8,17,路
9,18,10,18,10,19,9,19,儿
9,20,10,20,10,21,9,21,女
9,22,10,22,10,23,9,23,共
8,24,10,24,10,26,8,26,沾
9,26,10,26,10,29,9,29,巾
7,5,8,5,8,6,7,6,王
7,6,8,6,8,8,7,8,勃
7,9,8,9,8,10,7,10,杜
7,11,8,11,8,12,7,12,少
7,12,8,12,8,13,7,13,府
7,14,7,14,7,15,7,15,之
7,15,8,15,8,16,7,16,任
7,16,8,16,8,17,7,17,蜀
6,18,8,18,8,19,6,19,州
18,22,20,22,20,26,18,26,连笔
14,16,17,16,17,25,14,25,连笔
14,25,17,25,17,29,14,29,连笔
11,2,14,2,14,8,11,8,连笔
8,2,10,2,10,11,8,11,连笔
8,18,10,18,10,23,8,23,连笔
8,23,11,23,11,30,8,30,连笔
