28,2,31,2,31,6,28,6,璧
27,7,31,7,31,11,27,11,异
28,13,31,13,31,16,28,16,质
29,17,31,17,31,20,29,20,同
28,22,31,22,31,25,28,25,妍
28,26,31,26,31,29,28,29,何
29,31,31,31,31,32,29,32,必
29,33,31,33,31,38,29,38,刻
28,38,32,38,32,43,28,43,鹤
29,43,32,43,32,47,29,47,图
22,2,27,2,27,6,22,6,龙
23,7,26,7,26,11,23,11,竞
24,12,27,12,27,16,24,16,惭
24,17,27,17,27,21,24,21,真
24,23,27,23,27,26,24,26,体
24,28,27,28,27,30,24,30,得
25,31,26,31,26,35,25,35,鱼
24,36,27,36,27,40,24,40,获
24,40,27,40,27,44,24,44,兔
24,45,27,45,27,48,24,48,犹
18,2,22,2,22,6,18,6,吝
19,7,21,7,21,11,19,11,筌
19,12,23,12,23,19,19,19,蹄
19,20,22,20,22,23,19,23,闻
19,24,21,24,21,27,19,27,夫
19,28,22,28,22,32,19,32,家
20,33,22,33,22,37,20,37,有
19,37,23,37,23,41,19,41,南
19,42,24,42,24,45,19,45,威
14,3,17,3,17,6,14,6,之
14,8,17,8,17,13,14,13,容
14,14,17,14,17,18,14,18,乃
15,18,17,18,17,22,15,22,可
15,23,18,23,18,26,15,26,论
14,27,18,27,18,31,14,31,於
15,32,18,32,18,36,15,36,淑
14,36,19,36,19,41,14,41,媛
16,42,18,42,18,46,16,46,有
10,1,13,1,13,5,10,5,龙
10,6,14,6,14,10,10,10,权
11,12,13,12,13,15,11,15,之
10,17,13,17,13,20,10,20,利
10,22,13,22,13,24,10,24,然
10,25,13,25,13,30,10,30,后
9,31,13,31,13,35,9,35,议
10,36,14,36,14,40,10,40,於
11,41,14,41,14,46,11,46,断
5,1,9,1,9,5,5,5,割
6,7,9,7,9,11,6,11,语
6,12,9,12,9,16,6,16,过
6,17,8,17,8,21,6,21,其
6,23,9,23,9,26,6,26,分
6,27,9,27,9,33,6,33,实
6,34,9,34,9,37,6,37,累
6,37,10,37,10,41,6,41,枢
7,41,10,41,10,45,7,45,机
2,1,4,1,4,6,2,6,吾
2,6,4,6,4,11,2,11,尝
2,11,4,11,4,15,2,15,尽
2,16,4,16,4,19,2,19,思
2,20,5,20,5,24,2,24,作
2,25,5,25,5,27,2,27,书
2,29,5,29,5,32,2,32,谓
2,34,5,34,5,36,2,36,为
2,38,4,38,4,40,2,40,甚
3,41,4,41,4,44,3,44,合
2,44,5,44,5,46,2,46,时
9,16,13,16,13,25,9,25,连笔
