26,2,30,2,30,7,26,7,童
27,8,30,8,30,13,27,13,蒙
27,14,30,14,30,17,27,17,既
26,18,29,18,29,23,26,23,常
26,24,29,24,29,27,26,27,俗
27,29,30,29,30,31,27,31,所
27,32,29,32,29,35,27,35,存
27,37,30,37,30,39,27,39,不
27,40,30,40,30,44,27,44,藉
27,44,30,44,30,47,27,47,编
21,1,25,1,25,6,21,6,录
22,7,24,7,24,11,22,11,其
23,12,25,12,25,15,23,15,有
22,16,25,16,25,19,22,19,显
22,21,25,21,25,24,22,24,闻
22,25,25,25,25,29,22,29,当
22,30,26,30,26,34,22,34,代
23,34,25,34,25,38,23,38,遗
22,40,25,40,25,42,22,42,迹
22,44,25,44,25,47,22,47,见
17,1,20,1,20,6,17,6,存
17,6,20,6,20,11,17,11,无
17,11,20,11,20,15,17,15,俟
18,16,21,16,21,19,18,19,抑
18,20,21,20,21,24,18,24,扬
19,25,21,25,21,27,19,27,自
18,28,21,28,21,32,18,32,标
18,34,20,34,20,38,18,38,先
17,39,20,39,20,42,17,42,后
13,1,15,1,15,5,13,5,至
13,5,16,5,16,8,13,8,於
13,9,16,9,16,13,13,13,诸
13,14,16,14,16,17,13,17,家
13,18,16,18,16,24,13,24,势
13,25,17,25,17,29,13,29,评
14,30,17,30,17,34,14,34,多
13,35,16,35,16,39,13,39,涉
13,40,16,40,16,43,13,43,浮
13,44,17,44,17,46,13,46,华
9,1,12,1,12,5,9,5,莫
9,6,13,6,13,8,9,8,不
9,9,13,9,13,12,9,12,外
9,14,13,14,13,17,9,17,状
9,18,12,18,12,23,9,23,其
9,23,12,23,12,27,9,27,形
10,29,12,29,12,31,10,31,内
9,32,12,32,12,36,9,36,迷
10,37,12,37,12,41,10,41,其
9,41,12,41,12,44,9,44,理
10,45,12,45,12,47,10,47,今
4,1,7,1,7,5,4,5,之
4,6,8,6,8,9,4,9,所
5,10,8,10,8,13,5,13,撰
5,14,8,14,8,17,5,17,亦
4,18,9,18,9,22,4,22,无
5,23,8,23,8,26,5,26,取
5,27,8,27,8,30,5,30,焉
5,32,7,32,7,36,5,36,若
5,37,7,37,7,40,5,40,乃
5,40,7,40,7,44,5,44,师
5,44,7,44,7,46,5,46,宜
0,1,2,1,2,4,0,4,官
0,5,2,5,2,8,0,8,之
0,9,3,9,3,13,0,13,高
0,13,3,13,3,17,0,17,名
0,18,3,18,3,21,0,21,徒
0,22,3,22,3,26,0,26,章
0,27,4,27,4,31,0,31,史
0,31,4,31,4,35,0,35,谍
0,36,3,36,3,40,0,40,邯
0,41,3,41,3,45,0,45,郸
0,45,3,45,3,47,0,47,淳
13,1,16,1,16,8,13,8,连笔
13,9,17,9,17,18,13,18,连笔
4,6,8,6,8,13,4,13,连笔
