15,3,16,3,16,5,15,5,无
14,5,17,5,17,8,14,8,颜
15,8,16,8,16,11,15,11,色
15,11,16,11,16,14,15,14,春
15,14,16,14,16,17,15,17,寒
14,17,17,17,17,20,14,20,赐
15,20,16,20,16,22,15,22,浴
14,22,16,22,16,25,14,25,华
15,25,16,25,16,27,15,27,清
14,27,16,27,16,30,14,30,池
12,3,14,3,14,5,12,5,温
12,5,13,5,13,8,12,8,泉
12,9,14,9,14,10,12,10,水
11,11,14,11,14,13,11,13,滑
12,14,14,14,14,16,12,16,洗
12,16,13,16,13,19,12,19,凝
11,19,13,19,13,21,11,21,脂
12,22,13,22,13,23,12,23,侍
12,24,14,24,14,25,12,25,儿
11,26,13,26,13,27,11,27,扶
12,28,14,28,14,29,12,29,起
8,3,11,3,11,5,8,5,娇
9,5,11,5,11,7,9,7,无
9,7,11,7,11,10,9,10,力
9,10,11,10,11,12,9,12,始
9,12,11,12,11,15,9,15,是
9,15,11,15,11,18,9,18,新
9,18,10,18,10,20,9,20,承
9,21,10,21,10,23,9,23,恩
9,24,11,24,11,26,9,26,泽
9,26,11,26,11,29,9,29,时
6,3,8,3,8,6,6,6,云
6,6,8,6,8,10,6,10,鬓
6,10,8,10,8,12,6,12,花
6,12,8,12,8,15,6,15,颜
6,15,8,15,8,18,6,18,金
6,19,8,19,8,21,6,21,步
6,21,8,21,8,24,6,24,摇
7,24,8,24,8,27,7,27,芙
7,27,8,27,8,30,7,30,蓉
3,3,5,3,5,5,3,5,帐
3,6,5,6,5,8,3,8,暖
3,8,5,8,5,11,3,11,度
3,12,5,12,5,15,3,15,春
3,15,5,15,5,18,3,18,宵
3,18,5,18,5,21,3,21,春
4,21,5,21,5,24,4,24,宵
4,24,5,24,5,26,4,26,苦
3,26,5,26,5,28,3,28,短
15,11,17,11,17,17,15,17,连笔
14,22,17,22,17,27,14,27,连笔
8,2,11,2,11,10,8,10,连笔
9,18,11,18,11,26,9,26,连笔
6,6,8,6,8,12,6,12,连笔
6,15,8,15,8,21,6,21,连笔
3,6,5,6,5,15,3,15,连笔
