27,1,30,1,30,5,27,5,贤
27,6,30,6,30,11,27,11,达
28,12,30,12,30,16,28,16,之
27,16,30,16,30,20,27,20,兼
28,22,30,22,30,28,28,28,善
28,28,30,28,30,32,28,32,者
27,32,30,32,30,35,27,35,矣
27,36,30,36,30,41,27,41,存
27,41,30,41,30,44,27,44,精
28,45,30,45,30,47,28,47,寓
23,1,25,1,25,6,23,6,赏
23,7,26,7,26,11,23,11,岂
23,12,26,12,26,15,23,15,徒
23,16,26,16,26,19,23,19,然
24,20,26,20,26,24,24,24,与
23,25,27,25,27,28,23,28,然
23,28,26,28,26,32,23,32,消
24,33,26,33,26,35,24,35,息
24,36,26,36,26,39,24,39,多
23,40,26,40,26,42,23,42,方
22,43,25,43,25,46,22,46,性
18,1,21,1,21,6,18,6,情
18,7,21,7,21,9,18,9,不
18,11,21,11,21,11,18,11,一
19,13,21,13,21,15,19,15,乍
18,17,21,17,21,20,18,20,刚
18,21,21,21,21,26,18,26,柔
18,27,21,27,21,29,18,29,以
19,30,20,30,20,34,19,34,合
18,36,21,36,21,39,18,39,体
18,40,20,40,20,43,18,43,或
19,44,20,44,20,46,19,46,身
13,2,16,2,16,4,13,4,而
13,6,17,6,17,10,13,10,东
14,10,16,10,16,14,14,14,晋
14,16,16,16,16,18,14,18,士
14,18,17,18,17,22,14,22,人
14,22,16,22,16,26,14,26,互
14,27,16,27,16,29,14,29,相
13,31,17,31,17,34,13,34,陶
13,35,17,35,17,39,13,39,染
14,40,16,40,16,43,14,43,至
14,44,16,44,16,47,14,47,於
9,1,10,1,10,4,9,4,王
8,6,12,6,12,9,8,9,谢
9,10,11,10,11,14,9,14,之
8,15,13,15,13,18,8,18,族
9,19,12,19,12,23,9,23,郗
9,24,12,24,12,28,9,28,庾
10,30,11,30,11,33,10,33,之
9,34,12,34,12,36,9,36,伦
9,38,12,38,12,41,9,41,纵
9,41,12,41,12,43,9,43,不
9,43,12,43,12,47,9,47,尽
4,1,7,1,7,5,4,5,其
4,6,7,6,7,11,4,11,神
3,12,7,12,7,16,3,16,奇
4,17,8,17,8,22,4,22,咸
5,23,7,23,7,26,5,26,亦
5,28,8,28,8,31,5,31,挹
5,33,7,33,7,36,5,36,其
5,37,8,37,8,40,5,40,风
5,41,8,41,8,43,5,43,味
5,44,8,44,8,47,5,47,去
0,1,2,1,2,4,0,4,之
0,5,2,5,2,9,0,9,资
2,5,4,5,4,7,2,7,滋
0,10,2,10,2,14,0,14,水
0,15,3,15,3,19,0,19,斯
0,20,3,20,3,24,0,24,道
0,25,3,25,3,30,0,30,愈
0,31,3,31,3,35,0,35,微
0,36,2,36,2,39,0,39,方
0,40,3,40,3,43,0,43,复
0,43,3,43,3,47,0,47,闻
27,22,30,22,30,32,27,32,随笔
23,28,27,28,27,35,23,35,随笔
13,22,17,22,17,29,13,29,随笔
9,37,13,37,13,47,9,47,随笔
