17,2,19,2,19,5,17,5,洛
18,5,19,5,19,8,18,8,阳
18,8,19,8,19,10,18,10,女
17,10,20,10,20,12,17,12,儿
17,12,20,12,20,15,17,15,对
17,15,20,15,20,17,17,17,门
18,17,19,17,19,19,18,19,居
17,20,20,20,20,22,17,22,才
18,23,19,23,19,24,18,24,可
18,24,19,24,19,27,18,27,容
17,27,20,27,20,29,17,29,颜
15,2,16,2,16,4,15,4,十
15,5,16,5,16,6,15,6,五
15,6,17,6,17,9,15,9,馀
15,9,17,9,17,11,15,11,良
15,11,17,11,17,13,15,13,人
15,13,16,13,16,15,15,15,玉
15,15,17,15,17,19,15,19,勒
15,19,17,19,17,22,15,22,乘
15,22,17,22,17,24,15,24,骢
15,25,17,25,17,27,15,27,马
14,27,16,27,16,29,14,29,侍
13,2,14,2,14,6,13,6,女
12,6,14,6,14,9,12,9,金
12,9,14,9,14,12,12,12,盘
12,12,14,12,14,14,12,14,脍
12,15,14,15,14,18,12,18,鲤
12,18,14,18,14,20,12,20,鱼
12,21,14,21,14,24,12,24,画
12,24,14,24,14,27,12,27,阁
12,27,14,27,14,29,12,29,珠
9,2,12,2,12,6,9,6,楼
10,6,11,6,11,9,10,9,尽
10,9,11,9,11,10,10,10,相
10,10,12,10,12,13,10,13,望
9,13,11,13,11,15,9,15,红
10,15,11,15,11,18,10,18,桃
9,19,11,19,11,21,9,21,绿
9,21,11,21,11,25,9,25,柳
9,25,11,25,11,27,9,27,垂
9,27,11,27,11,30,9,30,檐
6,2,9,2,9,5,6,5,向
7,5,9,5,9,8,7,8,罗
7,8,9,8,9,13,7,13,帏
7,14,8,14,8,16,7,16,送
7,16,8,16,8,18,7,18,上
7,18,8,18,8,19,7,19,七
7,19,8,19,8,23,7,23,香
7,23,8,23,8,25,7,25,车
6,25,8,25,8,29,6,29,宝
17,2,20,2,20,8,17,8,连笔
18,23,19,23,19,27,18,27,连笔
12,6,14,6,14,12,12,12,连笔
12,15,14,15,14,20,12,20,连笔
12,21,14,21,14,27,12,27,连笔
7,20,8,20,8,25,7,25,连笔
