29,2,32,2,32,5,29,5,真
28,7,32,7,32,10,28,10,不
28,10,32,10,32,14,28,14,通
29,16,31,16,31,20,29,20,草
29,21,32,21,32,24,29,24,殊
28,25,32,25,32,28,28,28,非
29,29,32,29,32,34,29,34,翰
28,35,33,35,33,38,28,38,礼
29,40,32,40,32,43,29,43,真
28,43,32,43,32,45,28,45,以
29,45,32,45,32,48,29,48,点
25,1,27,1,27,6,25,6,画
25,7,27,7,27,10,25,10,为
24,11,27,11,27,14,24,14,形
24,15,27,15,27,19,24,19,质
24,21,28,21,28,25,24,25,使
24,26,28,26,28,30,24,30,转
25,31,27,31,27,34,25,34,为
24,34,28,34,28,39,24,39,情
24,40,28,40,28,43,24,43,性
25,44,27,44,27,47,25,47,草
19,1,23,1,23,4,19,4,以
20,5,23,5,23,9,20,9,点
21,10,23,10,23,14,21,14,画
20,15,23,15,23,18,20,18,为
20,19,23,19,23,24,20,24,情
20,25,23,25,23,28,20,28,性
20,30,23,30,23,33,20,33,使
20,33,23,33,23,37,20,37,转
20,37,23,37,23,40,20,40,为
20,40,23,40,23,43,20,43,形
20,44,23,44,23,47,20,47,质
16,1,18,1,18,6,16,6,草
15,7,19,7,19,11,15,11,乖
16,11,19,11,19,15,16,15,使
15,16,19,16,19,19,15,19,转
16,20,19,20,19,22,16,22,不
16,23,19,23,19,25,16,25,能
16,26,19,26,19,32,16,32,成
16,32,19,32,19,36,16,36,字
16,37,19,37,19,41,16,41,真
16,42,19,42,19,45,16,45,亏
17,45,19,45,19,48,17,48,点
12,1,14,1,14,6,12,6,画
11,7,14,7,14,11,11,11,犹
12,12,14,12,14,15,12,15,可
11,15,15,15,15,18,11,18,记
11,19,15,19,15,23,11,23,文
11,24,15,24,15,27,11,27,回
12,28,14,28,14,31,12,31,互
12,32,15,32,15,36,12,36,虽
11,37,15,37,15,40,11,40,殊
12,41,15,41,15,44,12,44,大
11,44,15,44,15,47,11,47,体
7,1,10,1,10,4,7,4,相
7,5,10,5,10,9,7,9,涉
7,10,10,10,10,14,7,14,故
7,15,10,15,10,17,7,17,亦
7,19,10,19,10,23,7,23,傍
7,24,10,24,10,28,7,28,通
7,29,10,29,10,32,7,32,二
7,33,10,33,10,38,7,38,纂
7,39,11,39,11,42,7,42,俯
7,43,11,43,11,46,7,46,贯
2,1,6,1,6,2,2,2,八
3,4,6,4,6,7,3,7,分
3,9,5,9,5,12,3,12,包
3,13,6,13,6,16,3,16,括
3,18,6,18,6,23,3,23,篇
2,23,6,23,6,29,2,29,章
3,30,6,30,6,33,3,33,涵
3,34,5,34,5,37,3,37,泳
3,38,6,38,6,41,3,41,非
3,42,5,42,5,44,3,44,白
3,45,5,45,5,47,3,47,著
